6.650887248609866731e+01 2.503716080695653545e+00 -8.375566208707152782e+01 -9.038106713254113345e+01 -2.791573378403469974e+00 9.971180906030436120e+01 -7.429297466424104357e+01 9.204322195738593848e+01 5.473945976675089753e+01 -7.343837154529211375e+01 8.233196084134804948e+01 -8.472661752821399261e+01 -2.210590359487198953e+00 -7.349555995352613991e+01 7.325598494202527888e+01 8.433288675799602174e+00
-3.913365003975891199e+01 -4.244587559568939383e+01 6.360936012179168131e+01 -9.954737640208949756e+01 8.225027401448893727e+01 1.691943988147214384e+01 -8.650651961884945251e+01 4.275414112357474039e+01 -5.372610256880889779e+01 7.118375163936350702e+01 -4.909677530041297189e+01 4.383506559193564556e+01 -8.438905975083304156e+01 -8.450663113314890040e+01 7.659164351535598314e+01 -1.381903039176556547e+01
-1.498173940596386444e+01 -4.812491046380508664e+01 4.846181243585263587e+00 8.786999795418348924e+01 -5.532180766754436974e+01 4.214482862156800991e+01 2.654697895991102996e+01 -7.581261972306518260e+01 7.121720467532897203e+01 -9.876951064401384883e+01 -4.172848780258902934e+00 7.718497556766156720e+01 -7.983063800272250887e+01 -1.488271437743136971e+00 2.851876483609295576e+01 -8.588416521109715518e+01
-7.635952936556017789e+01 -7.880592529076247388e+01 -7.376426540750344429e+01 2.259840374055858092e+01 -1.966113586973465033e+01 -2.501640269926340920e+01 -2.918857563824178669e+01 -7.113874306886849297e+01 -4.186712382398989263e+01 6.403104987347457211e+01 8.026231892742974594e+01 -7.984656749718681112e+00 9.427723514366671509e+01 8.743274760505936172e+01 5.668053567694009587e+01 -3.281298913153700880e+01
4.031616558055408461e+01 8.484793168279561826e+01 -3.753865247843705788e+00 8.389461464920005085e+01 -6.672421607418570488e+00 5.640958276895899814e+01 -8.214725276694166212e+01 1.912037788665557514e+00 5.788255702360611110e+01 -3.989992068552732007e+01 -4.209777334049843489e+01 4.137136659405628336e+01 -1.754204948897435656e+01 3.825915699273262760e+01 6.036976936155511453e+00 -6.262816961334252852e+01
-4.172716591345249526e+00 -1.000317043706930065e+01 -7.348376445024061354e+01 -7.118108121988699111e+01 -2.807351145069573306e+01 1.168323855463592054e+01 1.673936240108976392e+01 1.723305466599562408e+01 -4.833711851991836284e+00 8.782892484251682674e+01 -5.199462753091580680e+00 5.971090333441482301e+01 -1.763568579618362264e+01 1.363216620026717862e+01 9.952387338419315199e+01 -6.220067608118957736e+01
-4.326380039610651096e+01 -8.522929847372309098e+01 -6.646326114008432739e+01 6.958086261867659061e+01 -6.051983166912361867e+01 -5.308628383103980752e+01 1.372099580274266373e-01 5.159513354774556149e+01 9.425651575274258676e+00 -2.629556058978650412e+01 3.233529159403938991e+01 3.327903906023952629e+01 -2.726068019610750071e-01 -3.103891487457843823e+01 5.733054047543807030e+01 -5.197745071738238920e+01
2.145465281195157559e+01 -8.884467882917078896e+01 -8.891705356737908517e+01 -2.126684012901378651e+00 -8.102940100695263936e+01 -4.504510233505016714e+01 -7.145333871102170065e+01 -4.004025259440013684e+01 1.707006726479170311e+01 7.347785777395462503e+01 3.885064392941647782e+01 -5.291153780677544916e+01 -1.285176555831739620e+01 -9.005593745231642799e+01 7.876935237043356608e+01 -9.971586501922939760e+01
-4.125178040617964115e+01 6.285830130272570671e+01 -9.635328977642828363e+00 -3.892730432958637721e+01 6.902403789787148014e+01 6.006943748120473003e+01 -7.706133038739386620e+01 3.215305745290750394e+01 -2.294612079883746958e+01 -6.772801373590050389e+01 8.568774664286105747e+01 4.535402142122880775e+01 8.567929468387929148e+01 4.373505782075240234e+01 -8.970800247362757318e+01 9.381344183939738457e+01
-8.316359849429727547e+01 -2.172385020721942794e+01 8.386186601284678943e+01 -4.044991172645949007e+01 -6.504011405866447149e+01 5.102902124788339222e+01 2.872732412816343128e+01 3.403384920227260579e+01 -8.842512568116251259e+01 5.926310983766212814e+01 7.738286120002025825e+01 -9.013671677362307832e+01 2.408012959443021828e+01 -6.208603089737967196e+01 9.280173917481805290e+01 -2.812296163365877533e+01
-8.777280006432988557e+01 -5.719362865914487770e+01 2.696923731019218451e+01 6.545936479092345905e+01 -4.676401018492367001e+01 -6.017541180125410705e+01 9.632834751141105301e+01 2.266708473024725379e+01 4.796304774777154023e+01 -7.540083628076712330e+01 6.807786485734614246e+01 -3.552487766366084543e+01 8.312372629933643964e+01 -5.196650663611013954e+01 7.447158760725933746e+01 2.555410996494035203e+01
7.593706553338847698e+00 9.979544496311568480e+01 -3.734092558954493768e+01 -9.305877459773599014e+01 3.209828353446651761e+01 -5.850634597136985349e+01 5.633608073452386122e+01 -6.021662451150152862e+01 2.607127945918315959e+01 -6.565168806596543050e+01 1.210493143303733632e+01 2.202261517454309114e+01 -3.445835494205165617e+01 9.084162208007732886e+01 -6.668132075962202521e+01 -5.831527082737682122e+01
2.896146000867007331e+01 6.378369512581396350e+01 5.404743320686948493e+01 -8.842241535449801404e+00 -8.593945588841154404e+01 -4.653947128592474769e+01 3.956368139474294310e+01 -7.634275837420335620e+01 7.864313387990090121e+01 4.366637294805705949e+01 9.760157436941871367e+01 2.636899875127214443e+01 5.921156486599026891e+01 6.349162853613636059e+01 4.917733934690080844e+01 8.238097733715373749e+01
2.553200987102292174e+01 7.234841843508404224e+01 -8.268464086927282608e+01 8.795774243148990479e+01 -3.627720757411595542e+01 -7.178655491575632652e+01 3.424554987606150291e+01 7.336160837053331818e+01 -1.976828807954328227e+01 -6.427437346422338749e+01 -2.297250074190786506e+01 7.407033874368305248e+01 -4.858478530953573937e+01 7.230914794099207654e+01 -5.430664410617537641e+01 4.714996009986772663e+01
-3.974826221273895754e+01 1.251605616810478239e+01 4.529209488041313136e+01 -1.828077966337399118e+01 5.671893496426889669e-01 5.667918318999981864e+01 7.796639674026381783e+01 3.225982332247956208e+01 4.108152957357602020e+01 -7.173982500462466305e+01 -1.555443385539325618e+01 5.323474129600877802e+01 8.712482891119422845e+01 -5.483039335577507245e+01 1.375773557794003921e+01 -5.313515707772901209e+01
2.059162811900630174e+01 7.924239487207479726e+01 -4.399278962337308485e+01 5.511249971836150507e+00 4.013069600772367096e+01 -3.610511651557622059e+01 1.046810141026946894e+01 1.018141948201069624e+01 -5.189477685263030082e+01 -4.155062456557156025e+01 -6.721873436302954019e+01 -6.967600175755394787e+01 9.328258977945709773e+01 -1.273660915909023572e+01 9.510499406837230651e+01 3.970456475930468798e+01
-1.484795230225594764e+01 3.492214812069799734e+01 -9.825730080435000957e+01 4.311407483725848522e+01 7.545813401404332410e+01 -5.051555376318025026e+01 -6.836278512775540150e+01 -8.417588226258881434e+01 -3.283059519521512470e+01 -5.576782585078215959e+01 -7.104640325576627902e+01 1.714883109157142371e+00 9.343553804143697050e+01 4.084133619700223505e+01 -5.232966829077706450e+01 9.188899219112046524e+01
6.634871020477608283e+01 -5.448842251664326142e+01 4.266926602991325979e+01 9.726215803703077256e+01 -2.307333712676920356e+01 6.730636682670932203e+01 7.076379312655818410e+01 -6.319593962193835068e+00 -7.001501959997293056e+01 2.852122962757071889e+01 -8.234514933963222916e+01 -4.735174638925940371e+01 8.237721246228990424e+01 -9.662525213873084340e+01 3.680143214225962822e+01 -1.698841826843637648e+01
-8.998852305212915326e+01 -9.310791910927835602e+01 -9.523477799816376432e+01 -7.974237047166016623e+01 -1.203798262991902845e+01 -6.243698768848424407e+01 -6.485460274688985294e+01 1.370961975624176432e+01 -3.467970539157565213e+01 -5.763786652139784650e+01 4.381010802746364163e+01 5.617481997405472782e+01 8.367750998352447311e+01 3.497401538155487799e+01 4.200959919652312635e+01 5.083908271137009649e+01
7.557208318863330021e+01 -8.189767491529480026e+01 -3.471858484239312759e+01 -3.120734394530839495e+01 3.806744999262859608e+01 8.880718728139129325e+00 7.661834186276148273e+01 7.100002073707823058e+01 4.858359850054766582e+01 7.104097825070631700e+01 -5.315829321250743789e+01 6.276080623648520884e+01 -6.674139824982722757e+01 -1.587777392776577301e+01 -2.605650005624272580e+01 -3.347603262887260200e+01
1.024127834987328356e+01 -1.362856191916911541e+01 -9.628277255674423429e+01 -7.990712006375609633e+01 -6.955915328942315057e+01 9.870498605632410261e+01 6.020485458294255920e+01 8.864378624114532101e+01 3.656232933913680938e+01 7.292258343851743518e+01 -9.403390754191366341e+01 -5.449065671212365913e+01 5.727012692164824159e+01 3.211815350587845330e+01 8.423571530143384223e+01 6.411573852822120045e+01
-5.438400489257352177e+01 -6.687227676570321933e+01 1.663041237066809686e+01 -7.609510577740265092e+01 -7.929402777186980700e+01 -4.724338167097975827e+01 5.177312192696159343e+01 6.642801151287663686e+01 -5.844153188789204734e+01 -4.864718959101454487e+01 -5.971667205415874236e+01 3.618077634665381481e+01 -5.352130672114810750e+00 -7.408232955305506096e+01 6.541030624401689408e+01 2.656615422229928924e+01
1.424453279664203365e+01 5.865374694810016365e+01 -9.836259832673189862e+01 4.764747059917068839e+01 7.325239933146214355e+01 -1.889168820891707412e+01 8.558102424897496974e+01 2.094472622718070909e+01 -2.703083013160453163e+01 4.927075412542838251e+01 3.692769638916611541e+01 8.130391004263687194e+01 1.229963538490370922e+01 1.646160753118742548e+01 3.410678344377744509e+01 8.378211872915547076e+01
-7.592377025164586257e+01 -7.466566021561138200e+01 -3.759323783939423436e+01 6.849151204915798985e+00 5.210664206363371420e+01 8.212571471152013203e+01 -8.275952769769664030e+01 9.006349941786702118e+01 -4.566589349589857960e+01 9.696317955176117209e+01 -1.466104728621900222e+00 7.752987384190338105e+01 -5.824718679552788103e+01 2.128592110940236637e+01 2.326385555722818310e+01 1.193193388436664293e+01
-8.959630927175480508e+01 -1.857826242923113114e+01 3.766989834541105608e+01 -6.797658855422528745e+01 -2.857884201407429714e+01 -8.843463381701667458e+00 -8.542605322890651109e+01 -3.371859397764269772e+01 5.806928090852274238e+01 4.672258031702519077e+01 -2.206938237085012133e-01 -4.808249560289623759e+01 8.923763542390365444e+01 -6.256697184131927258e+01 3.349450868660936464e+01 -1.967581037683928002e+01
4.466076549633281445e+01 8.134291477213061228e+01 3.705933636437940493e+01 -6.922333640782572672e+01 -1.166146840137263041e+01 -4.920963531433851301e+01 2.169912331629120672e+01 -6.767936230112314888e+01 4.485216867605835489e+01 9.831296219760675115e+01 -4.041529366239976184e+01 -1.806077852264853334e+01 9.837521093233222302e+01 -7.845984995518506366e+01 8.975795482852298335e+01 3.118619512047145292e+01
-6.953494400009304854e+01 -6.644079156837094047e+01 7.591159753556753742e+01 -8.584748185287041622e+01 2.965699775238211089e+01 4.027408690811633107e+01 -7.472984045363863004e+01 -6.922800526163661061e+01 -5.453054475650743882e+01 -6.658592761550573869e+01 -7.267783796334656188e+01 5.669764368309527924e+01 -2.518346204782802999e+01 6.981708198582687430e+01 -4.606589053123995825e+01 9.667602852694862747e+01
7.042876611728890168e+01 9.761222723297770187e+01 1.183627278777062486e+01 3.139164786686181685e+01 4.303853833624900460e+01 -2.315596101176129196e+01 2.961488903093780323e+00 -5.928611165132946326e+01 4.559225803260063969e+01 3.632611593239163028e+01 7.101256329845948301e+01 -9.224579164305427526e+01 5.205195944222349169e+01 9.745919515570108160e+00 -7.285936825609816481e+01 -1.776361772791673843e+00
8.580100317577357316e+01 -5.644463114968790762e+01 -7.211717497067468230e+00 -3.827662894760748458e+01 -2.218706611889308533e+01 -2.625031839453551186e+01 -7.836765325849358987e+01 2.126234540944224705e+01 6.965306673766683332e+01 -3.217121890354214031e+01 8.744253481414999385e+01 2.031043999171438941e+01 -6.349028944665842289e+01 -4.582514301476586382e+01 7.769060572629324213e+01 7.066424972099802915e+01
-5.065729627137294955e+01 7.616551632255631432e+01 4.076593918603545319e+01 8.901998278511634055e+01 3.081077073059674376e+00 -6.208218581591673058e+01 1.261431985207285322e+01 3.980842242422066590e+01 -4.063523390652134992e+01 -8.704094257551321334e+01 1.503134955761116487e+01 -1.089924885444247593e+00 7.483545928314593709e+01 -9.912482470070953866e+01 -3.872012884697360846e+01 2.073380578707428867e+01
-4.427580399151298707e+01 6.219004790998937438e+00 -7.616249475216038434e+01 -7.006244230756676927e+01 7.103696427252522483e+01 -3.006969738057213704e+01 -4.952397948057223687e+01 -3.183915471055409796e+01 7.632788838456819747e+01 -2.341148984175686110e+01 5.271956931963502768e+01 5.797678245622860516e+01 8.848542815983118714e+01 5.704846448486260613e+01 7.579878961171165486e+01 -6.502500726126021391e+01
-9.970485066735201940e+01 6.561279178691280833e+01 -1.074798442584032898e+01 3.377174484019322165e+01 7.740315350537964889e+01 9.790197000514724834e+01 6.121993352761170115e+01 6.007334954233705560e+01 -5.455453683963399669e+01 -4.375925279552760117e+01 -4.489511961191809064e+00 -9.852461442839580741e+01 2.709573051855407755e+01 4.799695466642747022e+01 -9.872567454627112227e+01 2.904468605295760142e+01
-8.439782037346134302e+01 6.628329220465845140e+01 3.637438026184469209e+00 -6.787341933475335054e+01 -1.904636808404301007e+01 -9.710082600695670862e-01 3.191792339552294777e+01 9.446989274073267495e+01 3.876756840120508230e+01 -1.005393129919869466e+01 9.812892102896044833e+01 -8.919078251713908401e+01 -9.936225349915491734e+01 6.432177826486191918e+01 -4.151100105197131995e+01 -6.026529281040618002e+01
5.015495793838546490e+01 -1.662852549269291558e+01 8.120941547864701704e+01 -3.054754107798228802e+01 -5.425785648998605382e+01 5.138510723673290670e+01 -8.982326161157605782e+01 1.046772114992502622e+01 5.270102945353202983e+01 6.630633300149342801e+01 5.490544376396952941e+01 -7.731604264653660152e+01 7.686400455051369818e-01 -2.032586599475666844e+01 -3.729251663475881173e+01 4.980658849731209159e+01
-7.084408395506025613e+01 -5.958638373044000502e+01 8.873368252284468838e+01 8.402891104825869206e-01 -3.424017090130998042e+01 7.299781009609164073e+01 -5.580748769306747192e+01 7.577473376514133463e+01 5.136727098540914938e+01 9.499170158518482765e+01 6.207863481569908970e+01 6.069847737455900472e+01 6.484650918810386599e+01 -7.766832930946827673e+01 -6.215988649027683266e+01 4.737802478964685804e+01
-6.745385296312784362e+01 -6.801683423605851431e+01 -4.548780480458156461e+01 -2.919783909959937773e+01 -9.113744631045379663e+01 -6.129915746292351031e+01 -6.911307106990368254e+01 -3.133248601128315158e+00 4.349716051202132405e+01 9.183840086232665101e+01 9.402611643107263717e-01 -3.406483076376964902e+01 -8.274705595012278536e+00 9.960334822983526237e+00 5.295573833936636277e+01 -1.551631361180838553e+01
-6.006128947042435584e+01 9.832083610963481135e+01 -1.307863630927741383e+01 -6.041839158119318398e+01 3.581379163562182555e+01 9.459379784902760946e+01 -1.725379907134363577e+01 1.974934464355315811e+01 7.222190329334075898e+01 6.761669540812484058e+01 -9.929048102219388738e+01 8.737828353225022227e+01 -4.426335037506770220e+01 -9.561831999866383569e+01 1.494243545263145734e+00 4.724010984698706750e+01
6.039897718737306320e+01 6.734638892379372521e+01 1.334338331894757346e+01 -1.031800731328705467e+01 -5.855165428819555018e+01 3.597294951051999590e+01 -8.773563075395725264e+01 -1.856735724579668556e+01 4.111612936682838892e+01 -3.175275655059938629e+01 -1.835910169356108668e+01 -2.598893678981781363e+01 5.152871143112876950e+01 -9.048271775287251728e+01 -4.130007645016048912e+01 6.437271303698487657e+01
-8.931614958943306704e+01 -2.170263848442955634e+01 4.671417610608050097e+01 5.938391683120256914e+01 1.535880262423442844e+01 7.161312413630399476e+01 -7.881102161068349687e+01 9.246040759283424393e+01 -4.890873572349998000e+01 1.793445372327084897e-01 7.514631331896096356e+01 -1.255767518792319493e+01 8.202458609114795252e+01 -7.794038028585934796e+01 -9.659273828383416571e+01 -3.767564890165090219e+01
-3.243303919335160401e+01 -6.220407760970357458e+01 2.404311297805801928e+01 2.275000027060707453e+01 -7.002505131674539030e+01 8.550470008590797022e+01 1.716750839284952690e+01 6.751954984280089889e+00 -1.191461143278198165e+01 1.845900745112841435e+01 -2.502773579116312419e+01 -5.586301078085853078e+00 9.914629662212904293e+01 -8.217668942051172110e+01 -2.229438443053174979e+01 -3.402138766345461818e+01
-2.407902696903033757e+01 9.832691379521934039e+01 -4.480452015056538784e+01 -1.575649833926301824e+01 4.635706121085387110e+01 3.938092052228158479e+01 -3.339596362501939097e+01 4.509283538055454699e+01 1.867752609869862113e+01 -3.032919369888023198e+01 -6.927724352556131748e+01 -9.560018088181239193e+01 3.725135395825832063e+01 8.643823588054786455e+00 -6.392016789842784874e+01 1.547212471674305334e+01
8.621965980914340832e+01 7.943316427943081237e+01 5.841921259231655483e+01 7.580763280488000078e+00 7.907422062717903088e+01 -4.015729593709099277e+01 3.803740099262829233e+01 -3.164908461102309900e+01 9.474078376270922774e+01 -6.616322129977423572e+01 1.989431740661548531e+01 3.821986194938328651e+01 -9.487099479875750774e+01 4.705010408596639593e+01 -5.555883205340592923e+01 -9.948299017661473442e+01
-1.188783739218607138e+01 -7.959190299067378760e+01 -6.121399787515381519e+01 3.922052887640943197e+01 -8.486168168805984635e+01 -8.316540564131207702e+01 1.120287986119052448e+01 -3.393000669694406213e+01 9.426378763894227575e+01 -6.936754129529428781e+01 -1.163811153698091516e+00 2.864415618530945551e+01 2.777977133884208172e+01 -9.217742595746234713e+01 -2.449169090450425301e+01 7.318124639414843102e+01
3.572259363036953062e+01 8.591723048098046434e+00 4.140303530650233199e+01 -1.533294065354048996e+01 -9.778362774265383450e+01 6.199511609691914771e+01 -1.493278863714725446e+01 -7.308806707610574449e+01 9.130853299030263770e-01 9.871566337281201697e+01 2.804806605912362727e+01 5.900032716222951024e+01 2.407738403874743938e+01 6.915272479269746952e+01 -1.493736809268179400e+01 7.734416101992086112e+01
-2.990560360760041192e+01 1.994067230059506812e+01 5.000857508238279081e+01 2.324647415419438801e+01 -7.077254066501922125e+00 -9.227061372100942549e+01 -2.851146330196152689e+01 5.740714131199867154e+01 2.794967666185731048e+01 7.065506548851310242e+01 7.929406392385435254e+01 5.540574519145935994e+01 -3.338627554997262337e+01 4.949378248896174171e+01 -9.982857277889681313e+01 -7.842176719748289315e+01
5.593012600688579994e+01 9.827236088752401599e+01 5.047192675593468891e+01 8.477318127477828114e+01 -2.388314768519306597e+01 -8.052859510367431994e+01 -2.431547142389274541e+01 -4.107377713302822997e+01 -6.216521094690114779e+01 3.837788917468289185e+01 8.589160343962718969e+01 4.711492255989412570e+00 3.451310926850233329e+01 -7.150833489846317548e+01 -7.575684306259145728e+01 -5.818928498018087225e+01
8.843375170295048804e+01 3.089155632277463326e+01 1.307386428723644656e+01 -1.737736607942825628e+01 8.664095435211281426e+01 -4.069332290073333525e+01 -8.212197227223153106e+01 1.764110292893231247e+01 7.937140849177667690e+01 -2.723892379356411197e+01 3.910546131474886522e+01 -3.318170522527550759e+01 -3.930281358477237319e+01 -8.531838889532849635e+00 1.119549660228838661e+01 -3.430913570431593484e+01
7.629191639659623547e+00 7.150871628757057863e+01 -8.478214139982694064e+01 -9.118112477865807364e+01 9.773321891067779177e+01 7.455861235274572607e+01 -7.610752467651377628e+01 -2.323837170176184941e+01 8.440085702355158048e+01 -5.286498099089534008e+01 -8.286877617876001523e+01 -3.029107453710091136e+01 1.827963938274460531e+01 2.522487490127652165e+01 -1.416648032695253789e+01 -3.263215304855415866e+01
1.653380243049073783e+01 -3.451897929499121176e+01 8.379673590386816784e+01 -9.966521056495830067e+01 -9.845372793065811834e+01 -3.086940804815067452e+01 -8.306662381527596040e+01 -3.191283296372007783e+01 2.346327680107695812e+01 6.108182087940205918e+01 -2.268143716940532784e+01 8.151313669057672939e+01 3.683189031004512515e+01 5.998581893680882615e+01 1.419006641659331081e+01 8.422852706017123126e+01
-1.775120648204239160e+01 4.709562336393311455e+01 -6.579507448220118704e+01 -8.952187685155183772e+01 -9.156795673669672908e+01 -7.925725930134994712e+01 6.581108487658572415e+01 -8.950273248762206890e+01 3.557510486876992672e+00 -6.252980848917314916e+01 -2.321700858690232394e+01 -2.878807452827743418e+01 -7.081125780564619276e+01 6.753809197205255543e+01 9.563493470821113362e+01 9.667434021681883394e+01
-7.868017177463434564e+01 -1.351966188830026283e+01 7.024800889892880207e+01 -9.567734754839139555e+01 8.817054186835012786e+01 -6.431739540489128615e+01 9.562574693438382667e+01 2.376070967704762893e+01 8.380017494393585764e+01 -9.424294993417079525e+01 3.964109747640605974e+00 -1.321295796495273578e+01 -5.446040509489588288e+01 -3.510248670117042025e+01 1.694731293637586589e+01 -5.982489382478578932e+01
-3.768783927360994568e+01 -4.212950697393718258e+01 3.965167436645941734e+00 3.341176002013610002e+01 -6.107677137621669061e+01 2.560289201757484534e+01 3.819529084168833322e+01 -8.085664668581156889e+01 9.966550708795422509e+01 -9.265336711456083663e+01 6.678042028718455470e+01 4.238508204617799890e+01 -9.728428751165697008e+01 7.146653996612319304e+01 1.258850009324676478e+01 -5.015984383793963275e+00
-1.511914938397447372e+01 2.603034536131639243e+01 -3.586736284877359537e+01 -8.755631178425389294e+01 -7.174758323655852621e+01 -4.878376396402381943e+01 -1.685833787570227571e+01 -2.277529126617949373e+01 3.671049383780341202e+01 1.374853454318825641e+01 7.162905122827599769e+01 -6.674753935464117660e+01 2.045170515783654253e+01 -5.902875568854098987e+01 1.140658719889627548e+01 -6.760187243573383853e+01
8.737274598537179315e+01 -6.269867169881092650e+01 9.498032897866740143e+01 2.840372379333076935e+01 4.413905512254193297e+01 5.521072683456934271e+01 -6.706698782190234454e+01 -6.883992497608227268e+01 5.045448705551130786e+01 1.278462372067096453e+00 7.895908893815773411e+01 -8.049221599603117738e+01 6.059169744897253906e+01 -2.949782419219231144e+01 -6.670783639276848476e+00 -6.461576652775919172e+01
-9.157951684406214099e+00 1.744274390280959608e+01 9.313974788790592640e+01 -8.006112595188689340e+01 4.319828201568910231e+00 2.398709252607758913e+01 -9.054881616267230982e+01 -2.493601793773319741e+01 6.390668248342849722e+01 1.000081855498468997e+01 -6.796320364635217004e+01 4.701840694054045855e+01 -8.600873810280600651e+01 2.900955053909309811e+01 -5.093645748486321168e+01 -2.513702919070014730e+01
-8.062410035540696640e+01 7.508108644117241681e+01 1.351943066803599436e+00 -6.256482075601800830e+01 -2.773025620305516270e+01 -2.216763279348040783e+01 -7.450736147868046544e+01 7.180184324041827892e+01 2.002576405074823640e+01 7.486178102302282866e+01 -9.496003266842620860e-01 8.397938342277267054e+01 4.024796572710862108e+01 -5.603035628962301473e+01 2.434603933539140996e+01 -8.694646315967722217e+01
-8.776546378730230913e+01 4.970319644922331292e+01 -9.876698498022939532e+01 8.311408139848069254e+00 -8.231131797102754888e+01 -3.067530518227619041e+01 -8.862249176693518393e+01 6.607330676637018030e+01 -6.458507921154193809e+00 -7.166808083725085510e+01 -1.412065264347505433e+01 -2.738519552040430938e+01 -3.587339112144853459e+01 -3.484611282009262823e+01 -4.367897534396632864e+00 -9.511582022490470933e+01
-6.685861178092736168e+01 1.687418984243819864e+00 1.865020218545048181e+01 -8.862312583565527291e+01 -9.302054858370387080e+01 5.966703880919187952e+01 8.019441304991904929e+01 4.377175155384533412e+01 3.449434709806182298e+01 -1.190201234151969345e+01 -9.394966427329394776e+01 8.110586945423989391e+00 -6.453768734758384085e+01 -1.356953504644906161e+00 4.759241565951320752e+01 4.284126359601729916e+01
1.128595741638534378e+00 2.556837811549955575e+01 2.569440258441726144e+01 9.691163842941075757e+01 1.244405840029524768e+01 -1.726999706112688671e+01 -8.334703446017644524e+01 -8.240089714074012761e+01 6.136560445577698886e+01 5.681811415256005660e+01 -3.959720191176910475e+01 -3.606742801202080528e+01 -5.456322733221641386e+01 3.655835053342651975e+01 -2.953788129061318557e+01 -9.530559366423960910e+01
4.815930678665036169e+01 6.569548681349782271e+01 -2.320930518036975343e+01 1.817092908933105377e+01 -9.996573813243506379e+01 2.421135173988957945e+00 -1.818407298987111176e+01 -2.348619273999099732e+01 3.535407807558142679e+01 -4.831902799156353012e+00 1.216410276672158375e+01 -8.726600990493963650e+01 2.533865265997407334e+01 8.004371164881736433e+01 4.880007924181826695e+01 9.318182692991418037e+01
2.699536698242637556e+01 -7.279465818489599371e+01 -4.627344938222776705e+01 9.245910815910492886e+01 -3.160027018707882007e+01 2.869896610181807262e+01 4.979641636462929455e+00 -8.172967024574447237e+01 1.276701855645734440e+01 -7.887324080619046640e+01 -8.563629921283438762e+01 1.759329666071202780e+01 -7.224963311299384827e+01 -4.345997768512566495e+01 4.786569608013063259e+01 8.918864324717189618e+01
-8.863069238354250956e+01 9.968790185701293183e+01 -3.452818874656979631e+01 -9.953581233917695670e+01 8.397218334493781811e+01 -2.398973851346120512e+01 -9.088885262936668141e+01 5.362660869339261183e+01 4.210539012504297318e+01 7.809661467564201587e+01 1.195455255519446780e+01 4.574093882756757523e+01 -3.562714896339052473e+01 7.976680127204814141e+01 -2.605878087737050919e+01 -7.467826853574383961e+01
-6.326634714144472582e+01 -4.250427995956538751e+01 1.557992530063644665e+01 -5.566890706348640094e+01 -7.069043746436697973e+01 1.016873430029056635e+01 -4.883668431955092615e+01 7.968526986644296528e+01 -3.656002622303470417e+01 2.636631700624538155e+01 7.878973687721473596e+01 -7.562743429623129998e+01 -8.244540431687474324e+01 8.883615132233161660e+01 -7.951211815311094711e+01 -5.425211608782057482e+01
-3.300451814056737021e+01 4.048445451986368937e+01 4.361987905425195322e+00 3.166695390996402182e+01 -4.347772051203966726e+01 9.224716882435861010e+01 4.699707147640772575e+01 -7.858246514655536430e+01 -7.894775448263951034e+01 9.510887876752026671e+01 7.201410229181264810e+01 7.315433852311862495e+01 -6.946736971723856868e+01 -3.777583549735971502e+01 -5.011720372492186470e+01 7.030931928575340351e+01
-8.689252433583797597e+01 8.317748244159751891e+01 -1.627537868012295519e+01 -4.989787957866627721e+01 6.990166957905448442e+01 5.794333398078730113e+01 1.453988943843413040e+01 7.893127738964336970e+01 6.012575768204267490e+01 -6.323255379428310619e+01 -8.592006086496382977e+01 7.553574445847733898e+01 -6.421986249394760193e+01 -1.348505888706345957e+01 -2.655370225873116397e+01 -9.931316823671913596e+01
-2.397474341335373538e+01 4.468882329002455833e+01 3.193044529573920443e+01 -5.296281519089087197e+01 6.616583776496615599e+01 -7.391880347929674144e+01 5.945672539103917131e+01 -6.216955805594868423e+01 -2.050276085811049143e+00 8.675957309092909497e+01 -1.975381809824081358e+01 -4.753913012006160699e+01 -5.813550935615440807e+01 -2.968711671594674328e+01 -4.361513025293719181e+01 -1.462112567742853741e+01
8.597975299902428503e+01 -3.564760725047169387e+01 8.993586371680369496e+01 8.192819172683101669e+00 -4.133859049428797050e+01 -4.604192062438522015e+01 1.663431177691808216e+01 2.965397203606637788e+01 9.019981283743796041e+01 -1.718180554448082376e+01 6.294695697801572010e+00 8.849447115404355202e+01 3.867156510484200282e+01 7.021169341320826618e+01 3.590134206529697281e+00 5.702210911691970807e+01
8.471933539058993290e+01 -3.565624737369689967e+01 6.217775676892860304e+01 7.413710901109972440e+01 -3.822585856777048718e+01 6.435104194993627402e+00 9.670728868230411024e+01 4.337248241964157103e+01 -3.036357243010684215e+00 5.411179540243524855e+01 6.238842008828264341e+01 3.611834223937735544e+01 -8.435105766918634629e+01 -1.128734441873072569e+01 7.487092208539014848e+01 1.830604210503841500e+01
6.182700720550404583e+01 7.195778290719646009e+01 -5.440301620499969459e+01 -9.530804317949876747e+01 6.439070061283966595e+01 -7.847857776033492883e+00 -3.669397337888104715e+01 -1.054151029888677726e+01 7.420674102769358171e+01 6.331739709890358370e+01 5.032106330126877936e+01 6.856502244394864931e+01 8.322259133218365434e+01 -9.019840946074722865e+01 -4.611857759343943997e+01 4.714933880550248091e+00
-8.306009021909609658e+01 -7.190262034523877333e+01 3.324984853922110517e+01 1.538196349653446759e-01 4.600201488851475062e+01 9.795885622217859634e+01 8.359714488966456258e+01 -7.329465282079723920e+01 7.031582841887153279e+01 -9.043142156662315756e+01 9.758568351923052830e+01 2.410864284880892683e+01 9.530440900946375393e+01 -2.294496901488571439e+00 6.396394119804966749e+00 8.041562044982948976e+01
-5.979220752491725932e+01 -8.621655723284762018e+01 9.677069079704075705e+01 6.798146967391407713e+01 -8.755494892205501856e+01 3.596421962095375591e+01 -7.769120612550401006e+01 8.026948576866557516e+01 -7.715008659909123878e+01 -2.967662230908663901e+01 3.168378581140508743e+01 4.527668039943364420e+00 7.318150451739855100e+01 1.796567204176201926e+01 8.127520010379954840e+01 -3.961137047992474436e+01
5.411680069952207361e+01 8.895034158658326362e+01 5.517072433381362373e+01 9.657976858053375224e+01 -5.888773106914255351e+01 -5.322187720452390636e+00 -8.364848195695378763e+01 7.978888105683721221e+01 -5.269571254732073129e+01 -7.781824522335213601e+01 -4.273614544542010663e+01 5.555569975894771062e+01 -8.772851920818384031e+01 7.461494981503598467e+01 9.413141014461804446e+01 -7.266398648300250329e+01
-5.420981216926354307e+01 -3.297394855860312646e+01 1.678920107325183153e+01 -3.443427061301541414e+01 9.235036233817946538e+01 -1.302770282749193598e+01 7.730723895442791616e+01 5.853877338771327743e+01 -6.859694043630398141e+00 8.674822918592262511e+01 5.452556208967989448e+01 -7.101423209527808922e+01 -2.772681180283700542e+01 -5.947197671740761393e+01 9.998980022974127735e+01 -9.568700848643935331e+01
1.321041817977197752e+01 -8.005740403573607011e+01 3.533846935826134938e+01 -2.113596303754633254e+00 -1.327666283911868561e+01 -4.331405106612444200e+01 1.288827313815801290e+01 6.062332107369940104e+00 -3.600821061888812835e+01 5.955186010903612726e+01 3.350537318839509737e+01 9.120697569595914445e+01 1.536763437139480004e+01 4.767514889612984064e+01 3.104676319977640730e+01 2.772235464047281539e+01
-8.183428922456533883e+01 9.248114259903907453e+01 7.884393144950398380e+01 -4.131648192717931778e+01 -4.773520070853358988e+01 1.296739647430659659e+01 -7.647953564312234676e+01 -1.550558221691522931e+01 7.284819102600759777e+01 -5.629703011580539851e+01 -9.508168527931358938e+01 -9.151559604724087649e+01 9.943334685969152531e+01 -3.261693616180583888e+01 7.210408817931143233e+01 -1.895937107904256891e+01
1.404296049916385414e+01 -8.544438329237071628e+01 7.643236654092491733e+01 -1.909815753610619993e+01 -4.195092737929729054e+01 -6.367175262841190175e+01 -7.374552949638618315e+01 -6.505123187579269484e+01 -1.239726300136275938e+01 -2.483137206673740138e+01 -7.847529798017302483e+01 3.562926456549753595e+01 -1.451911619998507774e+01 -7.720397482995207383e+01 -5.254305860336458522e+01 -9.794227954632634692e+01
5.144163628462057147e+01 5.658532678059017940e+00 8.768606938085549984e+01 8.956343879320472467e+01 6.548427764451612632e+01 -6.824443121731167139e+01 9.932861277934706834e+01 -9.138941211990214697e+01 -1.010237635310306814e+01 -5.285344408513785908e+01 -1.591785317445064152e+01 4.331069507705105082e+01 8.449125260272170124e+01 3.624324142258852532e+01 -9.250617467453811571e+01 -4.895631816553257920e+01
-6.410536471966213412e+01 1.657287938123197080e+01 -8.794978261893346883e+01 9.646389640498468054e+01 -2.297275746028380183e+01 -1.765096566595612160e+01 3.241234624769647610e+01 -6.181847247378868815e+00 8.255206769877911199e+01 -3.505592379516004087e+01 -2.677905499336897321e+01 7.690853987391265889e+01 -2.775667497350208635e+01 -9.846599655716289590e+01 -8.578943974015935225e+01 8.312608954459658150e+01
7.241907907085861495e+01 -2.736953131944146378e+01 2.786335648055096215e+01 -9.717754583046841788e+01 8.041471922335617251e+00 -9.312765177183558762e+01 -7.973516984741199565e+01 -5.115765867428680025e+01 -6.618110573327638235e+01 -3.004398914012850241e+01 -5.859492476159449836e+01 6.007931309985674773e+01 6.568839965422567673e+01 -4.331327369338799116e+01 9.104056748595517945e+01 -6.064439066807273093e+01
-2.929498421801454811e+01 5.163764103718789045e+01 1.726946036711605359e+01 -8.529997097229066583e+01 2.635082137523531287e+01 -4.280736633790873213e+01 3.294790069766922613e+01 3.304349847982230415e+01 -5.915468373782756828e+01 8.634672509833193033e+01 1.904249340281026548e+01 8.086824811374157207e+00 6.955921781195790743e+01 -7.017901003577134134e+01 2.815092647619955812e+01 6.828628430413154149e+01
7.069549241757992775e+01 9.671630746454979999e+00 -1.346147151852258617e+01 4.957901758929345704e+01 9.883729544389196064e+01 3.189599741001252653e+01 -4.232714705547202527e+01 3.179165960039441075e+00 6.770695659994207460e+01 6.507121892930344131e+01 -7.521884230651768632e+01 6.499205239248395571e+01 2.959500808501103108e+01 3.297931444678572177e+01 -5.314943731961093931e+00 2.699526147180836233e+01
3.651231525861987848e+00 4.208985023146297522e+00 4.659650539819061521e+01 -7.196481265851375042e+01 9.964367657266649303e+00 6.730654648178237665e+01 8.304620209178271750e+01 -6.956354180252580477e+01 2.298923453015854079e+01 -4.783364871082928005e+01 -6.879004832282885218e+01 2.239229565731416471e+01 -9.968349487425984989e+01 6.783237858788832852e+01 4.547735136725607674e+01 -3.509927083130514802e+01
7.982467098145288276e+01 5.949134649118430218e+01 7.514949275556453756e+01 -8.740428442847770896e+01 7.764220273904869885e+01 8.833913799171867254e+00 -1.587978414091776358e+01 1.951532808506684091e+01 5.778566643541623193e+00 -7.973874914174487571e+01 -2.764803487799149195e+01 -2.134385395229115545e+01 -9.366052482071168583e+01 -2.871017292199935866e+01 -2.758932040569298749e+01 7.148915248180772153e+01
5.635660693572681623e+01 3.412045101332914498e+01 -3.706860704293242748e+01 -9.058102194148534636e+01 6.137532808943309703e+01 8.344651515242138373e+01 1.975446356886395449e+01 -7.611177449614685031e+01 -6.784488878098414943e+00 -7.120556669667323035e+00 7.156880204756511432e+01 4.709132564497021178e+01 -2.527120073088262586e+01 7.817575869835057745e+01 -2.029146566352633840e+01 -3.541196421338847244e+01
6.579345937636095698e+01 7.869275642910592694e+01 -4.648449627613548074e+01 9.034837197743304671e+01 3.582750686125616824e+01 -5.349371976862880729e+01 8.481987559402163868e+01 5.021500770372442446e+01 9.752479219603567628e+01 -5.452184381490040010e+01 -1.996333859169152447e+01 -9.894673607531217385e+00 -6.915227412945412766e+00 5.625702225693764547e+01 -3.420432017166343996e+01 -9.578907202356349160e+01
4.521999142134774274e+00 1.276855891021401135e+01 5.739895490617321627e+01 -8.330856206895725791e+01 -3.732687201748503014e+01 2.100167212281766638e+01 -7.404065514837569140e+00 -1.098896831332993429e+01 -8.648833437943004299e+01 9.699639447623880528e+00 5.401145704579421647e+01 5.516537906982152606e+01 2.330014202505361709e+01 8.205452899133355515e+01 4.062072924246123762e+00 -8.220018580980108425e+01
7.318231844588926549e+01 -9.751011794799940446e+01 4.795525788675114143e+01 4.167129133788407103e+00 8.348070571135453122e+01 6.996737995793678522e+01 4.090325435736441761e+01 -5.976352030762483736e+01 3.014813299175112604e+01 -4.148936712375189728e+01 -4.661988347748042116e+01 -8.095208425844643330e+01 9.442934656745593713e+01 -6.689255878713510128e+01 -7.993910637573981148e+01 7.840029223070048658e+01
-9.685583919181695478e+01 -9.011649787039604576e+01 9.771514208480503783e+01 9.327510090941227361e+01 -3.681885894224301126e+01 6.680410726390989851e+01 9.837540980356588705e+01 1.688214405517442174e+01 3.873652702683251903e+01 -4.636178128591499359e+01 1.193498783304205801e+01 3.883501838607982393e+01 -5.538606388715115258e+01 9.502395996545702417e+01 6.218534384687727368e+01 9.285947321130932153e+01
2.109290680271752194e+01 6.428421125720855400e+01 3.596686900166191947e+01 -6.663643095487520895e+01 -6.807735457725604533e+01 -6.712629704148687892e+01 -3.170836475021768308e+01 3.880137808092250395e+01 -7.769559645147339211e+00 -5.524550651943564361e+01 1.066738853866831960e+01 9.137911834581827009e+01 -5.333873349186930568e+00 -6.647869570963293029e+01 -7.576470015643565148e+01 -8.301656047070665068e+00
-9.984081720549258421e+01 -8.005422716102937386e+01 9.474050140422126276e+01 4.329501362368644379e+01 -2.386611588322699617e+01 -2.845827267177065778e+01 -8.560627317610352804e+01 -7.530374106146867064e+01 -2.800718285543780439e+00 -7.946040171376108674e+01 -5.320562709296439152e+01 -1.238422107771896208e+00 3.271722563361474556e+01 7.084446701263642865e+01 -3.369173933586907310e+01 -8.197788733474632750e+01
6.088605313629359728e+01 -9.050961262233400362e+00 -3.507862428508673247e+00 5.598269802169612319e+01 -2.021136290110990785e+01 -7.561203555283155708e+01 -7.281345042909043741e+01 -5.786282139338136687e+01 -7.720719190428715706e+01 -2.006683681047684331e+01 -2.331242791224336486e+01 -7.906176476521488894e+01 -6.247591432015440205e+01 -2.344088508411495297e+01 8.560370220817158327e+01 -2.059986136172138060e+01
2.370075008706966457e+01 -1.083573054612827491e+00 1.851170075775345936e+01 7.470908880523886353e+01 -1.363048633319787939e+01 5.070959186695226606e+01 2.643171836930106622e+01 -3.916769911762656875e+00 -3.244663738938299957e+01 2.797294174429694635e+01 -7.413614262434339253e+01 5.280711570155666834e+01 -8.421695349727879432e+01 -7.290376321842529705e+01 -7.418658505095379496e+01 6.386669094441738537e+01
-1.131720330300763067e+01 -8.764488437101758223e+01 -6.062193684072354216e+01 -8.051847418676500467e+01 9.201869081692713337e+01 -8.853490343196602907e+01 -5.689647174479683400e+01 -3.214470640582102590e+01 1.877355706660493695e+01 -8.940522912360205510e+01 1.528970648901690765e-01 8.429115052395663099e+01 -8.429513604888950340e+01 -7.628072252252519547e+01 3.088988086119364596e+01 -2.582794291674738929e+01
4.580771288961010157e+01 -6.066194292499504570e+01 -3.180197426976911856e+01 -2.519008107414501296e+01 -5.331052629724692338e+01 7.575660939700820506e+01 5.663961772385395932e+01 9.022316470103056929e+01 5.690462034992835072e+01 9.575253106770354350e+01 4.392121266732509355e+01 -5.217559108194845408e+01 -7.310482013348334362e+00 1.774010059875897127e+01 3.851237386371361993e+01 5.761648451777077184e+00
-6.503585307527450254e+01 -4.833203416781200445e+01 -6.077705742033052161e+01 -3.297396708915779584e+01 -5.780398971779644057e+01 -3.720261741513800757e+01 4.055202553184254555e+01 -4.621509088974289625e+01 3.051453681988452615e+01 -7.828367618133538031e+01 -5.995171718477406131e+01 4.493157297367203284e+01 9.147106537063679355e+01 -6.030368029718836453e+01 7.043253270332466798e+01 -2.157033606955694438e+01
-5.096526310260411208e+01 -5.537604889658491203e+01 -1.838938641031917598e+01 8.957493686884951956e+01 6.051074304344818700e+01 2.908750437610241590e+01 -1.023439006427723541e+01 -4.869217405035993806e+01 -5.782996272057720688e+01 -6.251284023494980602e+01 -3.353503295856239674e+01 7.151739476118500249e+01 -3.002553219051009137e+01 6.837684091780799633e+01 -7.151058915831320917e+01 6.669767285850780070e+01
6.956241544248941011e+01 3.053630731299676881e+00 -1.983627950489443492e+01 -1.387017015451920088e+01 8.526362042638187688e+01 -5.211519657485368384e+00 -3.258792428299004484e+01 -7.655969840329655085e+01 8.959442684372193355e+01 2.713166360168355595e+01 -5.099483587592055756e+01 8.731565866308078228e+01 -3.277073252190299968e+01 8.644851989880724830e+01 -3.205918398861116714e+01 -2.794354744124723311e+01
6.101826360811763550e+01 -8.680663512776068558e+01 4.558356191268406121e+01 8.352211082062713388e+01 9.931626413367654038e+01 5.889448488784353231e+00 -8.244230439150747713e+01 -1.163016986740043990e+01 -2.985719555383215607e+01 2.326526932955859195e+01 -7.342236155405798570e+01 7.784464791590110622e+00 -8.640469428569304000e+00 -3.308076240716738425e+01 3.292151864538071493e+01 -6.219369108707769556e+01
3.701211851221857785e+01 -3.300990446609618800e+01 -4.489848212332294963e+01 -1.347267432291840805e+01 -5.969015198169103087e+01 9.478381130235591456e+01 -2.385182881932252030e+01 7.180878339059587745e+01 -7.767553427877304273e+01 1.951803730004739634e+01 -3.385653710025684404e+01 -1.076365056407270515e+01 -9.220975542824959348e+00 2.900453066063367658e+01 -6.682734638267137939e+01 1.366975707420603214e+01
-1.476182591681870804e+01 -8.794655567483134462e+01 -4.147784090196537221e+01 -8.482697296096259265e+01 -1.941314667144851569e+01 -2.321346318911399464e+01 6.276530201383248198e+01 -6.599223690739449921e+01 8.627842107572685393e+01 -3.319654636595376473e+01 9.879115021490140691e+01 3.304955573477685959e+01 -5.162802601196901264e+00 -2.909119399874968792e+01 8.319511304818381348e+01 4.024345982541674971e+00
-5.266355670795844901e+01 5.999576428839701236e+01 -9.329380563926571313e+01 -1.219978764682659289e+01 9.875414699848637667e+01 -8.224887535811838291e+01 -3.547937337175713424e+01 -1.232211988893595844e+01 -9.173767919568138041e+01 9.081319303873608817e+01 -5.025877411052816512e+01 3.056491287766478138e+01 5.587727036997431185e+01 1.668776979791395831e+01 -8.631583803230137164e+01 -9.661615554187417843e+01
5.292908939985478867e+01 -4.737313631019709703e+01 -5.069870405141288217e+01 9.244887590621176798e+01 8.657167487773368464e+01 -2.479565908227694138e+01 8.921796184686708386e+01 9.120124908321464829e+01 1.509754329139214235e+01 4.987353267560773418e+01 3.484115163756285938e+00 2.305289705611914997e+01 -5.645051186384648645e-01 -5.292236021241161126e+01 -1.969437542690855025e-01 -7.411007494082333835e+01
3.978678940142840759e+01 -9.356678081781556955e+01 -1.209740796989096623e+01 7.726731417642189115e+01 9.078141341595004121e+01 -6.566810126090369693e+01 -2.319542577648864778e+01 -9.413007590419280746e+01 -8.196786774431015488e+01 6.534980765055611585e+01 -1.641234447758604631e+01 7.227738666261835476e+01 6.907482678933472187e+01 -3.737804687417249028e+01 -4.837782557334054445e+01 6.763865631510493870e+01
3.668923015069377414e+01 -6.909780369149478929e+01 2.516890009115313376e+01 -1.055006979678974233e+01 -7.319265711179581047e+01 -5.192032607753274931e+01 -1.638862354779648456e+01 1.944577814872427268e+01 9.088324364452772386e+01 -5.522317549507560130e+01 -2.345773276609718039e+01 9.163643809880726110e+01 -2.901550073517813644e+01 -9.887165206887061686e+01 7.928956864311614083e+01 9.586915501775096971e+01
2.273088916566779005e+01 -1.001333966197491065e+01 4.901234804337777007e+01 -6.530814332224480268e+01 -2.462497992405909031e+01 5.990093217192891473e+01 -8.223166082235668739e+01 -9.848499645426149129e+01 9.516303750248822269e+01 6.462723777360353949e+01 -2.533787806051527980e+01 3.473222315659229764e+01 1.898513711700796591e+01 -9.248453462053355167e+01 -1.675680529618219339e+00 -7.189252847413959557e+01
-2.128961573884070901e+01 1.235002934387611617e+01 -7.636899517255932324e+01 7.144125874460750936e+01 -4.104590297923390096e+01 -9.188256378836261717e+01 -6.013846775212462603e+01 9.007676811834330977e+01 -7.886934191085423151e+01 -4.425232935682321767e+01 -7.644971763060553371e+01 7.871243929434292852e+01 2.231909649849175992e+01 1.875221109293528343e+01 -5.418427739102010321e+01 6.060034437922475092e+01
-2.177540981083160432e+01 -2.214732231659107242e+01 9.022635193077302063e+01 6.171307437410938235e+01 -9.764332082984668659e+01 7.529819485657498035e+00 -7.118081300936546540e+01 -9.621715811104955662e+01 1.904995592712403152e+01 -2.855790834848170334e+01 8.060146941468907755e+01 7.739646321991214961e+01 -8.160720966554266909e+01 2.484715739928645917e+01 -1.374790141528197296e+01 9.187331473843731544e+01
-2.115019790917243370e+01 -9.159770999790553958e+01 -2.942832432049848990e+01 -1.147051026030119658e+01 -9.462799786683031300e+01 -2.836618764597844233e+00 -4.192345078388904511e+01 9.424134836720314468e+01 -9.668056803066869520e+01 2.738006311472733501e+01 1.244052192039441707e+01 5.260865749923506485e+01 7.988379880793674204e+01 3.031525817141918822e+01 4.406751870141974337e+00 8.610634339925609027e+01
1.475517611935016760e+01 -7.619196037646347008e+00 -9.101404550088014389e+01 6.594401664560221832e+01 -5.327958959661361860e+01 6.733378030892187383e+01 8.217335086537219979e+01 -2.077288016902315348e+00 8.543433765169241667e+01 6.646388594444788112e+01 -8.539937475088321150e+01 9.263181383010258685e+01 9.105188757584583925e+01 -9.599077309892048504e+01 7.155933470443541466e+01 2.040993839279559552e+01
-4.508195468963393182e+00 -2.109272137891836962e+01 -2.262535143052285491e+01 -5.005233755537200580e+01 -1.383421257832381457e+01 -9.665546793454710439e+01 6.878004479300572882e+01 7.933498317904705743e+01 9.079780496390851852e+01 7.472536964366089762e+01 -5.538500323651488344e+01 7.443223021526823402e+01 7.844800711426346140e+01 -1.053714309766213830e+01 2.819903739139679999e+01 -2.533867212305746364e+01
7.433145877688754410e+01 -4.719647717801248632e+01 6.109286712376014350e+01 6.498334838697715554e+00 -1.746380442228317520e+01 -7.191846752435527890e+01 6.094426289089470572e+01 -6.921788792672053603e+01 -9.297824183235994155e+01 -6.787844632596147676e+00 6.056533827409258208e+01 7.478515746666273856e+01 -8.353789124400077526e+01 -3.381455659627467014e+01 9.852843797388437963e+01 -3.113399957332256918e+01
4.993969972318934936e+01 1.431867249721396718e+01 1.856291023449379907e+01 8.778910301212739853e+01 -3.147605122012417667e+01 -3.691944501960776392e+00 -9.467465317765208965e+01 7.354664274800143176e+00 -5.575473951394149452e+01 -2.752232351694543411e+01 -6.592241394808337418e+01 1.382219819931191296e+01 -6.350632866027341095e+01 -1.581570536226614365e+01 3.868890257948486067e+01 5.533814051180375770e+01
1.082317756525716845e+01 -4.201773311169617386e+00 4.571907522733063445e+01 6.632034270404430742e+01 -7.328980527103884413e+01 -7.359791051611314572e+01 -6.392445329000231879e+01 5.892854004673561974e+01 8.936306140150345811e+01 1.999550539688215167e-01 1.032678585048147113e+01 -2.709896395324264518e+01 -9.021903751349842082e+01 -2.701675500592585877e+01 4.403976317491739678e+00 -4.186217416666445246e+01
4.620890754390613608e+01 -9.090966993313575983e+01 5.713613863541537796e+01 -5.265042379894220659e+01 -1.914633078230652075e+01 8.241125943387160646e+00 -1.561445326619269736e+01 1.959829016279215352e+01 -1.220768849704707293e+01 3.857305726736102258e+01 -9.118218955165926332e+01 7.766946614727341114e+01 -7.602012498889033054e+01 -7.521096390632725104e+01 8.754881046359550112e+01 -4.581473829192680824e+01
-6.182070315024829199e+01 8.775178807548557813e+01 9.991187331429001972e+01 1.398149144255886256e+01 8.752880439412574276e+01 -4.661335798439593248e+01 9.020672781423628805e+01 1.426988653165739152e+01 -5.886632616142140506e+01 -2.568017782810034078e+01 2.706688073028860231e+01 4.283099094671668183e+01 6.985815321188768223e+01 1.149053336300035255e+01 -4.248052431941161444e+00 2.319725776284889207e+01
-3.408805073832196797e+01 -1.462939058070470821e+01 2.242556680248824819e+01 3.312516793498673451e+00 -6.516583390092645800e+01 -3.704301882216842756e+01 -5.742910973073684033e+01 -7.221979421671537125e+01 -5.561584054943935485e+00 6.504272351895825466e+01 -8.781999470546888631e+01 -2.863303672865197314e+01 8.644665218223734371e+01 -5.811421348879022730e+00 9.040252226826170556e+01 8.736425451981860135e+01
7.248276428124331972e+01 -8.524514852059952830e+01 5.944783614806709693e+00 -7.908049779358213982e+01 7.190368212230866618e+01 -4.273505043516067303e+01 1.353508569039621534e+01 3.534562857828120741e+00 -2.379964176166603806e+01 7.592707175792909879e+00 9.661199721800126383e+01 9.571408208067408907e+01 -9.891799934641514369e+01 -9.144309077630096283e+01 -6.564299214868407262e+01 2.034054447577912583e+01
-9.369548016426240622e+01 6.662413743378043307e+01 -3.756080154734602417e+01 8.868360283447781001e+01 -3.455435873261629354e+01 -6.522605037523319993e+01 3.580918181752782914e+01 7.688728233012203361e+01 -4.739696660359538072e+01 6.468459982973804756e+01 9.355272768819126838e+01 4.817167462885798557e+01 4.072360086368537679e+01 8.067309525071324572e+01 -2.857414816360937948e+01 4.308848862632284238e+01
4.991036907910886100e+01 -7.821472868415978041e+01 -2.076727723486337140e+01 6.984800543367471448e+01 -1.249467801059955718e+01 -4.397380725574027593e+01 5.809274128132285853e+01 7.105736841710113083e+01 2.942068180386500842e+01 -6.392978271975365345e+01 -9.146782907494539927e+01 4.215171717410153462e+01 -1.573848841303995982e+01 8.431380301791544696e+01 -9.891448215877875327e+01 3.283165947033914733e+01
-2.187673316264977075e+00 -6.243651204953748390e+01 -8.706424849875303096e+01 7.686917240053061562e+01 9.113364123829204289e+01 -1.591829961956749173e+01 7.894350422586738603e+01 9.383293418288219812e+01 4.570513422095829981e+01 -7.511966324279366347e+01 -9.191788651797133980e+01 -5.084384073510364033e-01 -5.176296553050615756e+01 6.951386929290019623e+01 1.754709817309935715e+01 8.218624966767252715e+01
-8.637166342600110625e+00 -7.697272956412567169e+01 5.291037667934169519e+01 -9.345786953742566538e+01 4.075755587302869287e+01 6.998183847958738113e+01 1.256627028811330149e+01 9.233941814443113572e+00 -3.827571090996092096e+01 -1.775402851217630484e+01 -5.863907509212322822e+01 9.923448627902733676e+01 -6.752048924022534493e+01 9.189451635014766850e+01 6.095943159069123851e+01 6.382874432716657509e+01
-2.149420216175512621e+01 7.407388515919730310e+01 -6.131844064658494631e+00 9.423157845334060312e+00 2.128715152985364512e+00 -7.011918084508690185e+01 4.496391664362731433e+01 3.948377511185238120e+01 3.367009555635060281e+01 1.767955487685294713e+01 5.502706728400870873e+01 8.120590891503333353e+01 -6.249899449555638142e+01 -6.728335459744589286e+01 3.775396728124444223e+01 -1.791452954070364001e+01
-5.998105716214801220e+01 -5.569336003844605187e+01 6.411068115461101513e+01 8.658592069343880837e+01 -4.469240745778439816e+01 1.872701107112261809e+01 1.280506308772788771e+01 -7.193487596178428589e+01 -4.846888623472234769e+01 8.701901104499104633e+01 3.138125098053960471e+01 9.258515678925765258e+01 -6.791022125745962512e+01 2.314411107773190679e+01 6.646196067504912719e+01 -7.688570329390623215e+01
4.030997717781336576e+01 2.460959567722667884e+00 -1.871378463873786302e+01 5.142236679924052112e+01 3.862608501638170821e+01 -5.253834756693112951e+01 -7.211513930911436887e+01 1.919727583125607850e+01 -5.398411667173981243e+01 3.667299874116385183e+01 -1.916362563877000014e+01 -7.260750476975357515e+01 -2.672732908754579739e+01 -1.759246157300040636e+01 -4.342067580180308539e+01 -8.818587961761380711e+01
8.029489724841276654e+01 3.961183488487954207e+01 -5.888441237030351516e+01 8.183683933071581862e+01 4.774226016496839975e+00 -6.740790581868822073e+00 -2.482992768896110647e-01 -3.071361384974754571e+01 6.385333630026649132e+01 5.017444393507362577e+01 -5.413584121298598006e+00 -6.543418481816406995e+01 6.402678846488124975e+01 -6.665116931868411143e+01 -2.685289314679479844e+00 -5.319193607192404727e+01
-7.343290107644676823e+00 -3.788909618036437621e+01 -4.434029651947566464e+01 3.259313895544188711e+01 1.405139601471937283e+01 6.875985643487747723e+01 -3.105850678851918190e+01 -1.438961799446055068e+01 8.600283977850565975e+00 6.185720925670200643e+01 2.583772738688459469e+01 3.696378985913973736e+01 -6.830665544352152097e+01 -1.566641700334238863e+01 2.736615404950531172e+01 8.828303700666377551e+01
-9.698363635556978579e+01 9.464798375765953153e+01 2.313535398859865211e+01 6.989853363819732124e+01 7.797266284420224736e+01 1.740036485227656726e+01 -1.118993752883683612e+01 8.928076032950671959e+01 -7.674768248444692631e+00 -3.043585766535154846e+01 5.322792929911874182e+01 2.153053288078226046e+01 -8.982397497403002262e+01 -9.250127396716358419e+01 -9.798458980278851982e+00 -2.732793093513595295e+01
2.103845483138783834e+00 8.716851098873092951e-01 -4.608171682456590901e+01 -1.090529652454003440e+01 -6.586093682754119527e+01 -9.710182111244876069e-01 6.886658007309286234e+01 2.008155129450013021e+01 -8.047098313635689237e+01 -2.517033904963045643e+01 5.843338836683189186e+01 6.709180021859752685e+01 7.705185871268277253e+01 3.283248494737971157e+01 -9.444456868321785237e+01 8.520675000179561209e+01
-4.085794928912120128e+01 -9.824397719616128200e+01 2.388199741584904245e+01 -9.497938707758837040e+01 -7.703753205017683570e+01 -5.426389684413967984e+01 -6.922892792615087387e+01 2.113766760755056850e+01 2.763631053480149546e+01 -6.130753531762825048e+01 -2.889451569592577584e+01 3.353789374872285123e+01 6.896331122572128436e+01 -6.495176040288711761e+01 3.486587807351521917e+01 -9.523796343012573118e+01
1.578582673173301032e+01 9.469950140499254587e+01 1.586403051082598381e+01 -8.511861593419908445e+01 -9.466192535862420243e+01 -3.379432488100960086e+01 -5.600208304264187120e+01 -7.914793711150119293e+01 -9.831036813677853559e+01 -8.716930358503346099e+01 8.878226108086373358e+01 -4.011602031809800906e+00 -2.357491930120193047e+01 -4.331338752281038040e+01 -6.020071060488095327e+01 8.864016957813210240e+01
-6.430169443292545850e+01 8.539485324312782666e+01 4.045374927703589663e+01 4.701510677009977712e+00 -2.970448894052275080e+01 4.626662348674891234e+01 -5.375041543847607528e+01 1.964576416656083779e+01 6.131252748616812198e+01 -6.969673836455545768e+01 2.252356023195233092e+00 3.446320065805281274e+00 1.943443124338494954e+01 4.430532036982516786e+01 -6.493372938558763963e+01 7.255967395540305631e+01
-4.850831732378087935e+01 -9.301872261004668019e+01 -1.908049559418920182e+01 -6.993594061592264666e+01 6.309977532495109642e+01 -7.372189322539971101e+01 -4.684716459361226271e+01 -2.912814695962619282e+01 4.815596411994887660e+01 -1.790847576566818589e+01 -6.914906047875257400e+01 9.631659623149924698e+01 6.868234428402980996e+01 8.550337476007298676e+01 5.967493579603545584e+01 -1.860743024181655869e+01
8.102092973368387163e+01 -6.136003132285900818e+01 -2.313559289439454858e+01 -3.959566606330005101e+01 -3.358072403595485866e+00 -8.678661955611690360e+01 7.012535545548672644e-01 6.562723644410299073e+01 -3.115468396315841915e+01 -5.583209232232437103e+01 -4.434748700262797882e+01 -4.630871286178125246e+01 -6.401979722189059885e+01 4.566119356995726264e+01 5.960201577417952024e+01 5.221004820106058730e+01
-9.362598754606968043e+01 -4.379919718117008642e+00 -6.888077278142829130e+01 2.534375175530628610e+01 5.687697551483303471e+01 -6.843402626678809497e+01 1.426921928202777679e+01 -3.438304619947331275e+01 3.534562270471197110e+01 1.878942291876226989e+01 5.465304784732110477e+01 -9.667170138492326714e+01 -4.845125710087148008e+01 -2.155681518439915578e+01 -4.867764776807273108e+01 -7.830519702715460539e+01
8.807487100199001873e+01 9.764202303157115637e+01 -6.965403943433521761e+01 4.371843326253123507e+01 -1.127598657293403051e+01 -4.948113139809098016e+01 -4.403578988137625316e+01 4.737302905586484769e+01 8.147511317993611613e+01 5.832339224386522858e+01 -8.580523603228232332e+01 -8.236971597679421109e+01 1.194784415026826707e+01 -8.811051426482374893e+01 4.207891678282295800e+01 9.676692894542189549e+01
9.593817131720753366e+01 1.971864122861326507e+01 -7.189606534043804231e+00 4.804345273775764724e+01 8.409963232597597482e+01 7.435126019006453646e+01 5.967906050146176256e+01 1.040832642591402646e+01 6.477740210596932968e+01 -6.547659728175082705e+01 3.004360905188779896e+01 -8.365152737417098194e+01 8.614958647725178764e+01 5.690135674839554270e+01 4.049609696055331653e+01 6.683470818341139363e+01
-4.292292716052855894e+01 6.091389635185130658e+01 -6.565222491445311448e+00 -2.978178345925329040e+00 -8.988018666489730890e+01 -7.088270515412391148e+01 -8.025559318195389835e+01 -7.503836637487219718e+01 6.413839211917526484e+01 7.691757569089567426e+01 3.847785478682304472e+01 1.237473702440350110e+01 6.454533892830802699e+01 -8.476174779374943569e+00 9.502502345584868237e+01 -5.841323517392532239e+01
4.820198820882752955e+01 -9.736532307490755045e+01 1.935478646515419143e+01 2.144221744369802707e+01 -4.955331197040592883e+00 4.706940981924545042e+01 6.532000911735330817e+01 9.353609247404931182e+01 1.558805890282108919e+01 -2.605155152484158521e+01 2.704082226932339950e+01 2.321344913775470786e+01 5.957348996400445174e+01 9.851364933037430660e+00 1.847720124292423804e+01 -2.440381743527788672e+01
-1.189826201154930629e+01 -6.009804731438624970e+01 -7.785439750250348823e+01 -7.024211016935716145e+01 5.709472302512263298e+01 8.266737308777564408e+00 6.757950949563375787e+01 4.062890714072823073e+01 7.051872661359924166e+01 -1.999108683766691286e+01 -7.823056282985427856e+01 8.179335717987044063e+00 -7.101865290010553622e+01 4.749061639834816617e+01 2.513154366517831306e+01 -1.562915169633259893e+01
-3.693570366204397715e+00 -5.691654335475668347e+01 -1.070841049309662196e+01 6.799625488536464957e+01 4.216624698594195308e+01 3.274596429158150102e+01 -7.824118070247706669e+00 -1.646207443550463267e+01 6.640863539694738904e+01 -5.388745496638320276e+01 -3.102268438797743499e+01 -6.007783169190201988e+01 4.000569603161217458e+01 -2.321053328100234125e+00 -1.349482951721567758e+01 -8.867358403900176711e+01
7.999024540570000852e+01 4.002849374202598653e+01 4.331399762601121495e+01 -4.350260867904145812e+01 1.041228880738016471e+01 -8.693702982889458042e+01 -1.839376563713130963e+00 6.950228556052435636e+01 9.914074489313186689e+01 1.809713755881439567e+01 -9.164731480563486343e+01 5.038471234579235158e+01 -7.030683260077213959e+01 -7.819438144505855348e+01 5.570157691482405937e+01 -3.143768637001151944e+01
-6.200752175243415820e+01 9.261057497853131792e+01 -2.429942487251641126e+01 7.145842329814298921e+01 6.848984412892603757e+01 8.987782831120114224e+00 8.542246207436942029e+01 -8.989008194535770713e+01 -3.944880224485506659e+01 4.732719434587768603e+01 5.953044980141397957e+01 -1.858474673073502004e+00 5.084301541692430249e+01 -7.002339424685126801e+01 9.421343604336631472e+01 4.029256311246827238e+01
-6.320137490180469797e+01 9.045423174742113304e+01 -7.327385849108854643e+01 -7.728879624870018006e+00 -1.004843622566818340e+01 -8.614443784283228922e+01 -4.369931510718146228e+01 -3.614835566700534741e+00 -4.911570953293939112e+01 6.530972155179544814e+01 -4.440759231440414823e+01 -8.265567806466931700e+01 -5.237115442983322566e+01 -5.481049307063950238e+01 -8.512170643627372613e+01 9.697842104982289868e+01
-3.438196042690822196e+01 -3.700293765532470047e+01 4.702289140030497094e+01 -9.654009507217523378e+01 -8.579776327203873620e+00 7.371242704007595137e+01 -5.915826661164923905e+01 -7.389312946554025530e+01 -8.036017294485986895e+01 -8.237706337830216796e+01 1.357091469813322249e+01 4.624333189484836737e+01 9.429726733346349477e+01 -8.459356500867698969e+01 -4.496332987176518969e+01 6.516642725866638841e+01
-6.982747385528647044e+01 3.383572212258415846e+01 -5.036515947066815357e+01 4.883506174930602128e+00 6.908138843013641406e+01 -7.857849028014412340e+01 -1.027236216480049791e+01 -1.808038060935028568e+01 -1.016945512129112217e+00 2.339743335056827789e+01 1.289239512155458556e+01 2.677779010840878016e+01 7.842277983119468843e+01 3.312580310653201821e+01 3.802006144790165365e+01 7.058390723433218739e+01
1.568398067226713977e+01 -4.869977733270035003e+01 -4.097234944326464046e+01 7.388740902141496747e+01 -4.166629542226436911e+01 -3.871341802502877982e+01 -4.935830863361397292e+01 -2.522759676209926738e+01 -8.015281405732963549e-01 4.067584041270278306e+01 6.636719823982106448e+01 3.767423808960576537e+01 6.459156876597454300e+01 9.350315700503601590e+01 3.528008723310691153e+00 2.908593178436596816e+01
3.897538369102913691e+01 6.879866900525676954e+01 -7.807018995047900489e+01 2.780352514972437916e+01 -2.950786123511771564e+01 -9.714562183786341620e+01 6.076633368307203398e+01 9.527033850537263504e+01 9.897162928700204532e+01 -7.607540775081508855e+01 5.701921768705584270e+01 2.428760598500446122e+00 -1.378439880330248002e+00 1.863412863377767792e+01 -5.511146715731707957e+01 6.055421574858961264e+01
5.036416516080196004e+01 -8.042076575594107624e+01 6.105507295451339189e+01 -7.277190711311334326e+00 3.894043199326669935e+01 -5.630713927971959976e+01 -1.286217931305571938e+00 8.317990740430018093e+01 -5.774009761804999386e+01 2.998706163044811035e+01 -8.988836415728933105e+01 -9.494318922107225944e+01 6.977487365895247251e+01 9.486172838672722207e+01 -7.468339484552001295e+01 -6.566204987047458985e+01
7.133319346665231819e+00 6.063438820552262598e+01 -9.403660231980583717e+01 -1.670819082331030359e+01 6.721249771026161568e+01 -5.388886962198170494e+01 2.283758230019623170e+01 -1.859445773040580718e+01 -7.952389491186201553e+01 7.888788356692744230e+01 6.126747075678009935e+01 2.353108324374254323e+01 -3.339829548992952368e+01 2.422174080821362452e+01 -6.183829132916802251e+01 6.223151910239593576e+00
-1.956650836064724786e+00 -6.914683708816099283e+01 8.830832226163194321e+01 8.453400521727654393e+01 3.904593570765804600e+01 -3.463410290769284927e+01 -7.295157082013702166e+01 -5.351388740042357028e+01 6.948787773525096156e+01 -3.125521572545363824e+01 -5.215219486463571741e+01 -5.492197617586023739e+01 -2.836131915128886760e+01 -4.300725827022401404e+01 -7.890006081563427642e+00 4.452796100985862893e+01
-1.379562598497039971e+01 -5.435402845918591197e+01 8.614140035284860630e+01 8.488494389402514173e+01 4.389601905085059741e+01 6.363027570802880462e+01 4.013091767669237697e+00 1.932478004061778165e+00 4.628777973560332271e+00 -5.751345290574082725e+01 -3.501374161586468858e+01 5.381064882418101547e+00 -5.800622513978069605e+00 7.985410704900679946e+01 -7.923349735958970541e+01 -3.166430452295288944e+01
-8.577160354109636842e+01 -8.792586193046383869e+01 7.150164372672070101e+01 -7.749338526855113685e+01 -6.605292246627281827e+01 -3.896532860825366384e+01 -2.284195360009897513e+01 -6.052264171051272257e+01 9.143156760612725975e+00 -8.333511178520865315e+01 -9.883323377677123744e+01 -4.785502373087181383e+01 8.654711990595696136e+01 -4.775446467001829376e+01 9.654757986128213076e+01 -3.720082933580002305e+00
-8.018917819488993359e+01 -8.534719885656220129e+01 2.014808140124347347e+01 -4.198093679113456744e+01 3.324878336889371155e+01 7.554475724602077946e+01 1.655893005431707365e+01 7.230360892008648932e+01 -1.125772521404039139e+01 -9.034699453500786603e+01 9.303657368863171939e+01 -7.548268268441481155e+01 1.652093462360437570e+01 4.610491771366197611e+01 3.770112863232559164e+01 9.889384208073276739e+01
7.272796760416768791e+01 -6.275652077488418712e+01 -4.891080398281167163e+01 1.988543497753467193e+01 8.278209849723491232e+01 1.376143244711180103e+01 -6.272266715340143151e+01 -5.453158297627536655e+01 -9.195630733947174917e+01 -6.013041745265958582e+01 -3.267888973827952270e+01 -9.478085109905708805e+01 -8.360238276672626512e+01 -3.492397285341479574e+01 3.016984886979223290e+01 5.637220594729087964e+01
8.088841436133203899e+01 2.282020982106782014e+01 -2.806116049906611920e+01 5.765062819671014438e+01 -2.345172892560943012e+01 -6.485837260466735188e+01 -6.608803421292857649e+01 8.164609273676460077e+01 4.139805690422956275e+01 7.022552439310489092e+01 -1.280788286234634654e+01 8.730194711534853980e+01 2.141776791439598071e+01 9.707096781080149128e+01 7.608317546959249000e+01 -8.762938993838643853e+01
-9.323960498234445993e+01 -8.871962329086581178e+01 2.105934640791032564e+01 9.037175796106070891e+01 -3.078870506481618463e+01 -7.592748964321179983e+01 -9.554163540216265460e+00 3.341539757179252490e+01 -6.685684609042559146e+01 2.749350211977835556e+01 -6.156697304353153299e+01 7.994981008951656065e+01 -7.550296192885694779e+01 8.032353825904577604e+01 4.976262849004702105e+01 -3.482230530157508497e+00
-6.084612544124414768e+01 9.220051262196308528e+01 -6.033305806494183088e+01 6.651408546150305767e+01 -8.932262787081133126e+01 -1.251531496994421389e+01 7.026777084264513462e+01 9.122418842969203467e+01 -2.732819722430284060e+01 -2.682024664728494656e+01 1.863139920166854324e+01 -6.561324954400060960e+01 -8.907934954510821512e+01 -6.446323868821082215e+01 7.302704952578939412e+01 9.233493579174198373e+01
9.122220715282320214e+01 -3.723158720438982527e+01 4.485811890515783773e+01 -7.950410560263719617e+01 -4.459283395718701115e+01 6.911485646715856035e+01 -7.844575835131743702e+01 3.616639757324897175e+01 -5.279712013970469542e+01 -6.855932092898467545e+01 7.977449742257589094e+01 -7.685707182143224259e+01 7.066261456530099849e+00 9.190628391855867108e+00 -5.695592271993286460e+01 7.692807944825482025e+01
1.693469760157002213e+01 -1.561776452564575379e+01 9.227112606464270073e+01 -9.850703671857800714e+00 -5.029582270928457177e+01 5.317560756992691040e+00 -1.679224064419888407e+01 -6.034300623922435136e+01 -1.502041390030360901e+01 2.890353593864359993e+01 -8.673810678119410511e+01 -8.331799760810505973e+01 1.207896191859154555e+01 -1.942189066763921801e+01 -1.164525426376798123e+01 -7.119337149390501907e+01
3.147232773215939972e+01 9.209223752020754716e+01 2.361461312836250670e+01 -8.378074322265422325e+01 -6.642181798881534860e+01 -4.050195424636540054e+01 -1.280323348176892750e+01 7.731023279675419246e+01 -3.121471793810897566e+00 -5.004490660752183828e+01 -2.768566583316660967e+01 5.388264446821951026e+01 9.330378606997298618e+01 2.012621363834351484e+01 -9.494866540083752682e+01 -2.218766404652627955e+01
3.793017719769572693e+01 -9.264125123989920496e+01 7.870565900222776179e+01 9.489901051879245131e+01 7.340290651635071129e+01 5.448902899599282534e+01 -7.293133810654714466e+01 -2.968721935586350469e+01 -9.477751968339518385e+01 2.494333947183447719e+01 -2.230025879513070208e+01 8.989040299416400615e+01 -6.541225116011679575e+01 -3.294989399328227364e+01 -3.327010475330513373e+01 -1.953579577227989716e+01
5.935141009456329186e+01 8.141130464697600644e+01 2.371041894172648767e+01 -9.971248374346241405e+01 4.463141939948535253e+01 2.384613942461939473e+01 4.915849749656869960e+01 9.622872400963125017e+01 5.095881740212415423e+01 -9.135798414313417481e+01 2.434958382148408873e+00 -9.695234423808150837e+01 -9.604898204436361198e+01 5.089371610162915260e+01 3.413282122379555972e+00 2.679199029686272127e+01
1.184025282845267668e+01 1.470560424481624295e+01 -9.268688550499486212e+01 -9.278198729350678775e+01 4.286545650698811016e+01 9.061801794233524276e+01 9.213585011526755864e+01 1.834768486828326672e+01 6.828922884178136599e+01 2.944470872067539347e+01 6.794796568900143541e+01 4.342956649648783696e+00 5.352172213058041450e+01 -9.427532058325014930e+01 -2.292358122135183862e+00 -7.762863146856417984e+00
8.669016871255745116e+01 5.600526992805610860e+01 4.409832207445997199e+01 -5.767410594876081120e+01 8.698081480624470885e+01 2.790040298209244440e+01 -9.142286324826787336e+01 6.942307536247952271e+00 9.201945021553281379e+01 -7.253500546380338676e+01 -7.381444349668990412e+01 -3.462011031300767172e+01 -2.676194977438269973e+01 -4.818251268491889050e+01 -3.353230595771417200e+01 1.967024835807858096e+01
7.011399716923297376e+01 -4.065494831680801724e+01 -3.578692419722467832e+01 5.597095713434528363e+01 -7.965589789673700238e+01 1.726147874865709753e+01 -8.637910441695022712e+01 -1.075998601104369357e+01 -6.832667675284712061e+01 -2.327028580981415473e+01 5.915286983772760721e+01 -4.728253076811161293e+01 -5.536436343461576826e+01 -9.730233443987610542e+01 4.225276890686403419e+01 3.009555847252453020e+01
3.058015925511652711e+01 8.600784325045712819e+01 6.068969290013781404e+01 -8.415038307381975358e+01 8.717554276048882400e+01 -3.582376011140696903e+01 -4.675190380021386716e+01 5.635066289110081073e+01 2.300898857487027271e+01 -1.070246975715345172e+01 5.730149376605818645e+01 1.340872737878113696e+01 -9.001371270587706874e+01 -4.782848176962671261e+01 -3.146816696431632465e+01 -5.445734404750735536e+01
1.685981428596890908e+01 -2.960435557638481896e+01 -4.110431273356979887e+01 -6.201361818425013439e+00 4.038459505693207063e+01 3.801989986792960963e+00 -5.939503024140135068e+01 -4.907204068056696400e+01 7.475053191720196821e+01 -3.292785091566445033e+01 -4.147648630481081256e+01 6.387626962529331820e+01 7.034232359655361222e+01 1.886258002076110074e+01 4.460839884856294191e+01 -2.165569339771039381e+01
5.665183397768599605e+01 5.177092845639104723e+01 9.860456465402123172e+00 4.316573910683159454e+01 -8.554580869241392804e+01 8.120080413203055514e+00 4.057566007433901234e+01 -8.796446922502396149e+01 -1.081845567998004753e+01 -2.553498072436809707e+01 6.145506105302284539e+01 -1.947946344878913294e+01 3.166189939677347809e+01 1.173504060635080748e+01 -4.104175078527671161e+01 7.005740820133358682e+01
6.724386791000794972e+01 -3.794344294609022938e+01 3.568654155814026296e+01 7.048133717515374030e+01 9.814219025431943066e+01 -5.785752549523306243e+01 6.926910050936224650e+01 -1.191517325679042472e+01 -9.271105561446576360e+01 -5.390997557271743545e+01 -7.057502253718074314e+01 3.107889035534550715e+01 -8.121004090659258168e+01 -6.678235211441985086e+01 -4.323501404099403089e+01 4.093646458183847869e+01
8.347384332554717901e+01 -8.915281436893640432e+01 -6.429535761364823543e+01 -3.510321715615924631e+01 -1.910558061918450790e+00 4.679087588764922145e+01 -6.194682194007157250e-01 -1.662943310520844875e+01 7.355895612748348356e+01 -4.250151839315704194e+01 4.364799506383864980e+01 -3.757373644397221568e+01 -8.533769793006140958e+01 -1.105367435447917046e+00 -9.078062432416142258e+01 1.073587629680777411e+01
-3.617360191892335308e+01 -7.987606317804608125e+01 -3.547219118135757299e+00 5.263511683286704113e+01 1.396404396477554144e+01 -7.970030947513338049e+01 3.525024461069747872e+00 -5.227160089370300255e+01 -3.061649318203845382e+01 9.437673600641967653e+01 -8.245858914552961494e+01 -6.355771535427634689e+01 9.882228893820662563e+01 -9.689695140746110269e+01 2.487188496086041312e+01 8.411086061058755092e+01
-1.905283889402392106e+01 4.322569816862569780e+01 6.049121749149053073e+01 3.799485099362783558e+00 -4.097647527833202474e+01 7.866492461918555534e+01 -5.650498988129815814e+01 -5.936114006749865979e+01 9.640086687969785828e+01 7.389079665580136691e+01 -8.833770332235494038e+01 7.496401272022428941e+01 -6.035782516338966985e+01 1.955197027453210978e+01 7.153645630981061743e+01 -8.527616216873072119e+01
-5.206732347096463798e+01 7.843487193590455320e+01 -8.948123687649407998e+01 6.830340523241015660e+01 -7.999586828681705697e+01 3.862695164106598611e+01 9.966652649747631187e+01 5.096254604413648792e+01 -4.987270186239612002e+01 -9.789836745669350648e+01 8.030278491582650702e+01 -2.483270854618803014e+01 5.884358454586343612e+01 -9.903740070197135026e+01 -1.255529090192875685e+01 9.769846606216613338e+01
2.518448457351362890e+01 -1.495832297805615951e+01 -4.822499654089945409e+01 -2.913620511506701405e+01 6.488581521392048046e+01 -7.667933912680383912e+01 -9.486321243166133854e+01 -1.185351491891141507e+01 6.363286317229572830e+01 -6.063696728301550820e+01 9.786185009347009611e+01 -7.730256769168107667e+00 8.228166710667339601e+01 -8.739733965906695801e+01 -4.519418603312050919e+01 -6.471433322440645952e+01
2.947373013522185659e+01 2.611623125378228849e+01 9.173673389049470472e+01 -1.916715325085760924e+00 -2.634406740897583177e+01 -2.606108406940491307e+01 8.562908899067825530e+01 -3.109115346143646263e+01 -4.594715799914155241e+00 -3.305069367560591331e+00 -8.071655578157103150e+01 -2.256830458921619709e+01 8.788047821879682431e+01 2.113247057394005424e-01 2.056310247569638250e+01 -9.436984113962104459e+01
5.830103329435031867e+01 8.054820194627153285e+01 -1.217258766663452718e+01 -6.459454476646178023e+01 -4.981573300967020401e+01 -3.563386480083319441e+01 -5.239266179532865664e+01 3.129313822699869263e+01 -9.803060489412116851e+01 4.869319701122755362e+01 3.702423036245558308e+01 -5.380840147290496844e+01 -7.950684529782219556e+01 -1.169697040569697322e+01 -4.199004180501427186e+01 2.838027274966491120e+01
