5.162854666537194817e+02
2.517266633763449590e+01
8.743851503639914426e+02
-1.145858090982643716e+03
4.338463534002861479e+02
-1.220594060287556658e+03
-9.738291887042729513e+02
-8.761695686306026118e+02
-1.090824762660457054e+03
2.288236090180073461e+03
-1.090693862945237015e+03
1.431006566290440787e+03
1.401506171741696107e+03
-1.393547478729954037e+01
5.043414803186308291e+02
-6.124362016386885443e+02
3.340512774035248640e+02
-4.770159140005608833e+02
-7.219503258790596192e+02
3.015037544669667113e+00
-1.054480460408687350e+03
1.599932394631344323e+03
-2.157739969835106422e+02
-1.522784305143104575e+02
-1.259677661156333670e+03
-4.824568686376553615e+02
1.886089936839295547e+02
5.275099019000483622e+02
1.541793377934370483e+03
1.388006008394562286e+03
2.673481723629824955e+02
-6.694952403658594449e+02
2.094145748295053977e+02
8.238958244263178585e+02
9.593075892472986652e+02
4.625494241499051213e+02
2.347394620546355668e+02
9.519138006475852762e+02
3.620111491033520110e+02
9.730465724298042005e+02
1.202928385587491221e+03
7.783771979839661981e+02
5.087704384917833522e+02
-4.809122856214777357e+02
3.155522077210871430e+02
8.981868998609688788e+02
-7.430043780873381820e+01
-3.705367191435394716e+02
-7.081965479148881286e+02
-7.532072952109293738e+02
-1.514588803247063993e+02
-2.836554236424308328e+02
8.453980098332399393e+02
8.857850600478963088e+01
-6.395573623289515126e+02
-1.962022553420083568e+03
1.000082418563815850e+03
-8.614876628323535215e+02
9.109285913265307499e+01
-7.659523801754626220e+02
1.079259107014076108e+03
4.255200040402496597e+02
1.068490410661980377e+03
-1.007744765683722790e+02
-2.877449500652442111e+03
-2.811693264080400240e+03
-7.298733738572794891e+02
-9.262945270579534736e+02
-2.394576716481766425e+02
-1.147366394111095360e+03
9.173835520094265803e+02
3.505478856710353284e+03
-7.787383633900117275e+02
1.785015440016824186e+03
4.675610485450522447e+02
-1.039712097001811912e+02
6.325837830634427519e+02
1.897070483656981196e+03
-2.340932772035235757e+03
-2.024765031027301347e+03
1.317131150827185593e+02
-5.870637553043978869e+02
1.293381806102928977e+03
-8.840071771389782498e+02
-1.765325554656025815e+03
8.651344974552927169e+01
3.319205446916982396e+02
8.146582728112507539e+02
4.561056390381803567e+02
-8.556913369083091538e+02
-2.933705762821294343e+02
-3.711355824216439032e+02
9.894016916197066394e+02
1.276610798163364962e+02
1.893951896429556996e+02
-1.552397805123286844e+03
