4.492793816843467236e-01 7.211640733835134043e-01 -7.897491523920617540e-02 1.074520768805360849e+00 2.060622427902197157e-02 -6.832609935225987252e-01 -1.668596610082965004e+00 5.260188025213431429e-01 -6.089184388839956608e-01 -1.069840034253414229e-01 3.362279899433445740e-01 -1.240555214803615025e-01 -2.027475768751424087e-02 1.351691063723143849e+00 8.965935494549505114e-01 -4.272786224755792950e-01
1.064984803974691613e-01 1.764306000148606335e-01 -1.933545320021919089e-02 2.594843163809262276e-01 1.066778170615768385e-02 -1.600822282108491645e-01 -4.210501936562798253e-01 1.352021853000318352e-01 -1.436146275096597258e-01 -2.404084305627254836e-02 9.243643809885621065e-02 -2.925305102489195869e-02 -8.324593471603834033e-03 3.347401778513908743e-01 2.163621930295634155e-01 -1.050389121727051400e-01
1.709985339692087630e-02 2.880322078499616620e-02 -4.495979497979364983e-03 4.030610564985327021e-02 1.132172666707296008e-03 -3.255269824165871878e-02 -5.222064646307611469e-02 1.429282435703618792e-02 -2.620512397385092382e-02 -2.119506575703163694e-03 6.193601385338709693e-03 -3.267619660452024486e-03 3.737648147021112831e-03 4.664299453337313744e-02 3.555012711642772244e-02 -1.563841853235839810e-02
3.738071396135870805e-01 6.068614186145868672e-01 -6.551582954329539243e-02 9.041493406888795326e-01 2.424331300307520920e-02 -5.673308616374943547e-01 -1.420321795270495624e+00 4.482782901348603688e-01 -5.077428383830151493e-01 -8.956467321789786384e-02 2.990623129334949448e-01 -1.067912937860349409e-01 -2.435585763925677411e-02 1.142184686698275664e+00 7.492343533987999571e-01 -3.629755826048607914e-01
6.254216057294276210e-01 1.014189594319653942e+00 -1.111205185086983072e-01 1.506900658908588042e+00 3.670010091113443812e-02 -9.451830170786187368e-01 -2.362285070111255880e+00 7.430188048351128449e-01 -8.465473918436805523e-01 -1.519979706783720907e-01 4.959398389637600935e-01 -1.729935916054654854e-01 -3.994586690987637911e-02 1.897913032896659358e+00 1.249202548929232437e+00 -6.040092937615412216e-01
-9.623298784673561118e-03 -1.938212513182501276e-02 4.801670290093734694e-03 -2.503747159499641536e-02 -1.592950454509604039e-04 2.051713254284994251e-02 3.223499701553755870e-02 -1.261043807687191667e-02 1.596785584337958100e-02 3.419618022561897366e-03 -6.569595895752125374e-03 -3.913028424551813554e-04 -2.166313858178891671e-03 -3.132779342320765603e-02 -2.129167188829016524e-02 8.962316496844389968e-03
2.982847297249470730e-01 4.812169773717356325e-01 -5.165336941060933579e-02 7.183466958148020387e-01 1.436995800582559560e-02 -4.482544243648994842e-01 -1.131105712444691491e+00 3.547680189461315248e-01 -4.054751240704261850e-01 -7.116207028445926952e-02 2.374986293325511422e-01 -8.338500241088524223e-02 -1.947729997343484315e-02 9.083507699087374210e-01 5.979775444610980761e-01 -2.889566518259132910e-01
-1.689504251961356299e-02 -3.066793528078608569e-02 -1.897883180270577060e-03 -4.588781016950289893e-02 1.148069458938036488e-03 2.784284987370516662e-02 7.904322496354983241e-02 -2.729291888937490640e-02 2.292547698841223072e-02 5.035357069218157101e-03 -1.627676535777937764e-02 5.651680758763337822e-03 1.282657859019029718e-03 -5.816871505807425652e-02 -3.703523720652204809e-02 1.627422041393567984e-02
-2.034487382137501188e-01 -3.303566271858422443e-01 3.325378369839247783e-02 -4.919957465464526725e-01 -6.318932971047069337e-03 3.137815704571806363e-01 7.619214844213806348e-01 -2.413710560407275607e-01 2.758846597063541739e-01 4.458584104744527099e-02 -1.500962825428937553e-01 5.661569887654822192e-02 1.027841175845309492e-02 -6.204404746274907456e-01 -4.102262729962848908e-01 1.923568529584802900e-01
1.665806525979956487e-01 2.726203876940753723e-01 -3.274009751767363585e-02 4.061227232355955619e-01 1.235011347566965234e-02 -2.494527877297842700e-01 -6.455703537061709962e-01 2.042717488589901043e-01 -2.279284311161036969e-01 -4.097547392616451845e-02 1.386113171549118173e-01 -4.914141888541018188e-02 -1.222691972238845737e-02 5.142418696349170260e-01 3.360725338219932024e-01 -1.665097996645482081e-01
5.838724874511055374e-01 9.437689105461746220e-01 -1.023416988736564615e-01 1.403692774354417860e+00 3.226572215267860949e-02 -8.835824420497083720e-01 -2.196860714958498217e+00 6.942608549589055489e-01 -7.874668917559789483e-01 -1.372954597159933565e-01 4.576900279484499845e-01 -1.605816867941264603e-01 -3.305800937932953931e-02 1.770565461313706734e+00 1.165316822731529367e+00 -5.640434141591250672e-01
1.576450928036405574e-01 2.591661170608998144e-01 -2.594143086698288969e-02 3.822872940959683996e-01 6.581105487286039064e-03 -2.405618275579088916e-01 -5.957075576813901652e-01 1.894221875191346716e-01 -2.131837288453985457e-01 -3.889488377971445088e-02 1.204770723359769730e-01 -4.515831354475102755e-02 -6.501222313750658344e-03 4.839435971293079009e-01 3.215787634917726123e-01 -1.526164532175290356e-01
-4.428531524727657986e-02 -7.263224904634285606e-02 5.216849832288245233e-03 -1.044487881094463833e-01 -3.146121176416466058e-03 6.371233725229162592e-02 1.717690256779516311e-01 -5.317654133461489213e-02 5.933143713717860951e-02 9.604394439221859009e-03 -3.924151393216975675e-02 1.157231476955418274e-02 4.843074366681104047e-03 -1.361439602784556557e-01 -8.310792341834020991e-02 4.452667310980523013e-02
-2.123129330260527803e-01 -3.484530556845279459e-01 3.591611065277283688e-02 -5.131719084454591240e-01 -1.095454075023823137e-02 3.225234249827076960e-01 8.193666609783634147e-01 -2.645329683991665126e-01 2.862314891387097160e-01 5.134359507401618089e-02 -1.739845378267528275e-01 6.166301335301829778e-02 1.498911757663820912e-02 -6.557097264952882476e-01 -4.309513875835531138e-01 2.071144798785698737e-01
1.001018596365390451e-01 1.616075297862072657e-01 -1.562483885184347970e-02 2.383775067879972120e-01 5.970164260036104655e-03 -1.484977148351358245e-01 -3.688086639789161514e-01 1.143177813589860981e-01 -1.351077270331601243e-01 -2.315477841009660684e-02 7.689295881770495666e-02 -2.746526924338096864e-02 -3.680900248398118885e-03 2.981638654673092192e-01 1.959336284661726546e-01 -9.195974328864872649e-02
-2.239895829068839495e-01 -3.623100947698703056e-01 4.155183547046474579e-02 -5.404402413942155370e-01 -1.499382483699198028e-02 3.420613089430688536e-01 8.382393374875724001e-01 -2.657103103743161943e-01 3.058888334375979845e-01 5.182825048104858223e-02 -1.718340081168063249e-01 5.879865320620606545e-02 1.337262605647266192e-02 -6.779782210432768741e-01 -4.511599275406457665e-01 2.166588517386869028e-01
-2.861356734740604091e-02 -2.313424333935399854e-02 1.521443043659355954e-01 4.785195646568258382e-02 -4.882323791814296987e-02 -2.225820894480953216e-01 -8.132660490355810012e-02 -5.024945318362455254e-02 -7.424318926593134749e-02 1.798401719803314758e-01 -5.541975715784801249e-02 -2.265076748169534693e-01 1.753988106167915506e-02 1.130523966176120304e-02 -9.423270326820525067e-02 9.794570967692729779e-02
-6.441832792258969653e-02 -5.885994693052632593e-02 3.397470509645287295e-01 1.043715763802080809e-01 -1.124846886448689492e-01 -5.056404069217901309e-01 -1.759060113851231844e-01 -1.175704189297633595e-01 -1.553623503662568683e-01 4.053900757470088601e-01 -1.279724143876860287e-01 -5.250106893352022297e-01 3.610474350581622388e-02 2.462227643828314091e-02 -2.160800378075377060e-01 2.256476102991145649e-01
1.003934830778599324e-01 9.075690682808200405e-02 -5.516006876370070922e-01 -1.722603877560104080e-01 1.840219661522964345e-01 8.141797032829274361e-01 2.793732155626729163e-01 1.935168634881807570e-01 2.420903990603165967e-01 -6.467004446033881582e-01 2.093383078626315230e-01 8.484758589319499889e-01 -6.028767376878214901e-02 -3.210489080298123410e-02 3.509047243810334282e-01 -3.651863291643465681e-01
8.907707823966629079e-02 7.767179442520320831e-02 -4.694307820070742765e-01 -1.471226210253343547e-01 1.561945869543120702e-01 6.876748849369759276e-01 2.413824727875496789e-01 1.618480236908610426e-01 2.102531562358728734e-01 -5.536843649375366994e-01 1.733442176176742677e-01 7.144154384870409213e-01 -5.104282354482744810e-02 -2.862193045274707970e-02 2.954972505712915032e-01 -3.110152990644703408e-01
5.529613376028471444e-02 4.701594824145710616e-02 -2.807999466314259340e-01 -8.503492697840171755e-02 8.879455773844610600e-02 4.156284330225339385e-01 1.409586725886841085e-01 9.981871848874654396e-02 1.218273948689099773e-01 -3.246771699346523987e-01 1.032305711380466506e-01 4.288775980269164956e-01 -2.718796247532347110e-02 -2.046009341382604846e-02 1.807150790532981999e-01 -1.786272932616691511e-01
-1.279837100806025252e-01 -1.064506621220079191e-01 6.637242645821747056e-01 2.068539833782979953e-01 -2.192432068861040473e-01 -9.867587226433569558e-01 -3.370155085863041355e-01 -2.329271303247939517e-01 -2.929083360789251356e-01 7.800110116296377072e-01 -2.451177027358794891e-01 -1.022509277756286084e+00 7.303571036371109271e-02 4.372445253327610082e-02 -4.209478480040351189e-01 4.397363065851587760e-01
1.590514752260344111e-02 1.665206671534684088e-02 -9.587501400930779905e-02 -2.845459851694514750e-02 3.119033129954608061e-02 1.420215300677019066e-01 5.419120993946488496e-02 2.849390916179991851e-02 4.560621991883032772e-02 -1.145357867961475790e-01 3.628442389812071983e-02 1.454541515894293424e-01 -1.142788501958795673e-02 -8.125695359918057650e-03 6.025015701019969389e-02 -6.184806025685750386e-02
6.576830002189390512e-02 5.660261015739729423e-02 -3.534050379287962396e-01 -1.092582556529576449e-01 1.211329943867481412e-01 5.254329018721262123e-01 1.756257336708123840e-01 1.285713637552511612e-01 1.511519294639641076e-01 -4.152092786702124561e-01 1.318487039339837352e-01 5.480030895047472983e-01 -3.817918207280224935e-02 -1.732870332768880056e-02 2.265966613450222655e-01 -2.342901280888830540e-01
5.400981328856224728e-02 4.562766143376056904e-02 -2.914744117601232865e-01 -8.695231251903486058e-02 9.857142659510952087e-02 4.214202397194558025e-01 1.506667206540284742e-01 9.559097069251032419e-02 1.351403182279204140e-01 -3.432307998801900073e-01 1.088146033006657382e-01 4.385209621955298287e-01 -2.984651122980787330e-02 -1.600862560697322370e-02 1.833895530910903404e-01 -1.918208071303802720e-01
2.734467605511130966e-02 2.377235520475167244e-02 -1.477002483026800539e-01 -4.603091292618136793e-02 4.950297108764113024e-02 2.195834960185326368e-01 7.727615310103860824e-02 5.451656177635125222e-02 6.765202564422684306e-02 -1.738564225664486762e-01 5.483666366436067141e-02 2.308589448519860754e-01 -1.857182797340363803e-02 -1.096321524659677783e-02 9.176816501633909551e-02 -9.999893519600412672e-02
-4.278737556063056530e-02 -3.277425734589296813e-02 2.084879120979053480e-01 6.286943576202057293e-02 -6.944890428336633614e-02 -3.046831778712337235e-01 -1.016959320603013639e-01 -7.230871846246536561e-02 -8.983242122295582999e-02 2.399348180829302124e-01 -7.608855130643436826e-02 -3.123641424575528402e-01 2.327507121453297953e-02 1.282517058174568493e-02 -1.307950588852711815e-01 1.358462088089187336e-01
-7.433049595763699391e-02 -6.210734088523390400e-02 3.778440075703972667e-01 1.191960122345104289e-01 -1.234636382730240345e-01 -5.618174661472452591e-01 -1.895292413723544678e-01 -1.319235025039354747e-01 -1.675271883789573590e-01 4.423044663754592820e-01 -1.365456279880131740e-01 -5.801584060808846477e-01 3.847102817163312871e-02 2.984014780688808502e-02 -2.384215113550026410e-01 2.441092312373323581e-01
5.886029033925260258e-03 9.447727965647611734e-03 -4.021195672366062457e-02 -1.280459633055141232e-02 1.778564766249255205e-02 6.225719525550491018e-02 2.128356503856417004e-02 1.581959456921873397e-02 1.789115632884233018e-02 -5.147350511575324999e-02 1.908326603820724790e-02 7.134262320034914784e-02 -6.850893494919269890e-03 2.248390115754185167e-03 2.983639361194624987e-02 -3.147402384207542009e-02
1.262141457749097750e-01 1.095544088953728373e-01 -6.754383300650379507e-01 -2.130831986971591652e-01 2.280258728077106112e-01 9.990573783696279353e-01 3.432837905341883933e-01 2.370131734992909911e-01 2.952972604390688982e-01 -7.963956600007396913e-01 2.539368886777149670e-01 1.041195188361858426e+00 -7.611905954407389985e-02 -4.317851594563388434e-02 4.307648222967763174e-01 -4.493058819062856202e-01
8.112174079758223411e-02 7.085867953076731285e-02 -4.277918853119523357e-01 -1.365146560439397250e-01 1.405337721324474431e-01 6.312088590166214930e-01 2.167632839237734199e-01 1.493648378791057607e-01 1.866455177933469545e-01 -4.978323361817080794e-01 1.564670274479994794e-01 6.496504334660582192e-01 -4.365024604479259690e-02 -3.046080550000513157e-02 2.728985073260232208e-01 -2.791404899523318162e-01
4.092400652960972302e-02 3.494701508215099228e-02 -2.158673284503957179e-01 -6.744710142478008152e-02 7.354226572915997795e-02 3.182253517202767723e-01 1.142280472486424669e-01 7.393577342357710025e-02 9.845557090094912700e-02 -2.549685198466075109e-01 8.315890389451505160e-02 3.316664402066920592e-01 -2.112020411462979183e-02 -1.296799783922950033e-02 1.342100550963548633e-01 -1.427157216634654946e-01
3.326327894808844983e-04 2.677466273701746904e-03 -1.009399049389377544e-02 -8.691238179017278867e-03 3.200085982289154179e-03 -1.669439261694150066e-03 -1.779570647118697453e-03 9.562618850242152885e-03 -1.338860130958324140e-03 -8.463422047423048086e-03 2.455585667849339345e-03 4.193370930614427616e-03 8.819084314647847311e-03 -2.696387898085956907e-03 1.177931093878758009e-02 -1.783740235618489585e-03
2.235148881866782459e-03 -7.676280994276694566e-03 4.084799586520460740e-03 3.302539115925361493e-03 -3.866040134853892651e-04 4.198403625218685709e-03 -8.901939549212588808e-04 -1.400116040560390844e-03 4.031942638563866879e-03 2.741547702675575706e-03 -2.658087907754859945e-03 2.777887436721012369e-03 -4.312443946199483354e-03 2.177694118464989104e-03 2.087960186501891004e-03 -2.811992831510190267e-03
-2.815515180127454390e-03 -7.105544553042858784e-04 1.429180191577277166e-02 7.074608021978683221e-03 -6.435648829541260746e-03 8.443494760262907489e-03 -3.780781044732119470e-03 -8.812367778879190081e-03 1.911656982183285083e-04 1.109048822248925002e-02 -7.831763986234722627e-03 -8.830819344691612227e-03 -6.878570942460139094e-03 8.940444119257727690e-04 -1.372559787121143543e-02 -4.533302265358112666e-04
-1.998548900346060891e-03 -5.180541309687304759e-03 -7.402811505769085927e-03 5.082267826050333726e-03 3.976511527062769578e-03 -5.603337729195270039e-03 1.039918585983073789e-02 3.308423761294136678e-03 9.697940550950700372e-03 5.326756831299821714e-03 3.347160881357321826e-03 1.106231484314007182e-02 -4.934766904531076061e-03 -2.778696974922945529e-03 1.173664192836108844e-02 -1.157400342955516338e-02
-1.989009059213968280e-03 2.659770901651337897e-03 5.091334715782268837e-03 -1.370935818642729986e-03 -7.160256556383709763e-04 -6.374995495484369300e-03 -1.155658530537105729e-03 -4.494365629674271223e-03 9.963066498175998740e-04 4.459264306254903166e-04 2.421430691699052117e-04 -3.144191862205441331e-03 -3.218123369245267859e-03 3.549026505999610531e-03 -1.836517854598579153e-03 3.724201642320941995e-03
1.517213529895192290e-03 4.962656533219611662e-04 -7.795587381615933821e-03 -2.142287245136002306e-03 4.235623131937741107e-03 -3.922650681883080998e-03 6.423613509676847494e-03 5.618107809961958403e-03 2.531298276263879905e-04 -8.131606414937594257e-04 1.995982762884964280e-03 7.602537589595022467e-03 -9.943648472669046074e-04 -2.795134507437617433e-03 7.070854366405481158e-03 -2.189950944855583500e-03
2.580103088172307820e-03 -1.818544548398535088e-04 2.640439690692343230e-03 -4.399167318773304462e-03 1.617296088390256324e-05 -5.203983842311786859e-03 -5.835505970264759541e-03 4.290651690771951285e-03 2.105723908325972480e-03 -1.825804489030497619e-03 1.957466540439778586e-03 1.875134619856144353e-05 -7.948681712283357705e-04 2.651146988434082471e-03 1.253820271690092407e-03 -2.320639762425418743e-04
2.099022025726366650e-03 -4.806904875569772799e-03 -5.030875496730580904e-03 -4.793918534985164119e-03 2.365493488763005959e-03 2.974897314685242058e-03 -5.673820218876745713e-04 7.867448740144550659e-03 2.629301563122360928e-03 -6.922836287330415457e-03 -3.222054863260501731e-04 3.085603836373701329e-03 8.094783582545584180e-03 -6.389411998501612344e-03 1.246294730699557332e-02 -6.713159749512446692e-03
1.021267788436665313e-03 -4.825497207181527783e-03 4.764406013272459196e-03 4.330206448717172432e-03 -4.347621848635417337e-04 -2.065212490504123727e-03 -5.448795319805927817e-04 2.053760471839996722e-03 5.874318730196764066e-03 5.163555772910344462e-03 1.981750163372630966e-03 4.353188109358867471e-03 -4.918388876287958962e-03 -2.092158185226101325e-04 5.937515711200374614e-03 -2.852376906604028178e-03
-4.956321184663018461e-04 3.711730414599543823e-03 -2.686513282338970094e-03 -1.716779081638881727e-03 3.805172557515374906e-03 -8.342274507901587324e-03 -1.973911292093848309e-03 4.320135644311007446e-03 2.602997005227670850e-03 -4.534807215936884767e-03 1.730861016922738806e-03 2.901984602253237545e-03 2.599965861768111820e-03 2.747776009088805180e-03 5.206255366264722455e-03 -4.796255376464321658e-04
4.522824615125706389e-03 -2.258010848719022978e-03 1.662915019422685952e-03 -2.125639854555661391e-03 -7.392124337707832319e-04 -3.693544317875716628e-03 1.187888855023855545e-03 -1.352467409447892738e-04 -2.257648435304197756e-03 -2.783847293716353206e-03 2.588706251690393433e-03 4.411321947393699247e-03 -3.365428092629339264e-03 3.516663961900953587e-03 5.643827725722955387e-03 1.599734943410740162e-03
-2.366432953974845536e-04 -4.735665281124349507e-03 -9.064908180936170770e-04 -2.183405872312993348e-03 1.256134620164791596e-03 3.696614522822388657e-03 7.281618834889889546e-04 7.546603669774015798e-04 -4.083289365014411421e-03 -1.787244477608312607e-03 -2.865838224677853146e-04 2.205259933312867741e-03 4.349024703881035868e-03 -2.516229474081003656e-03 2.147535422413572766e-03 2.884019853451663868e-04
2.977902122150291662e-04 -8.363940714900937323e-03 1.258618737393897395e-02 1.874400025760796949e-03 -6.779867998443841678e-03 3.182813369040242858e-03 -6.600887443377554016e-03 5.530430504610364152e-04 3.777008068966336649e-03 5.289159391767268674e-04 -3.017830298110876688e-03 -6.130900995411907740e-04 -3.620025305328024388e-03 3.214566801590780596e-03 1.976303373141858504e-04 2.291874214433269052e-03
-5.202899927971190970e-04 -4.269573574886146965e-03 1.030727564604599781e-03 2.646622883480081578e-03 -2.931203743600236354e-03 1.145420126033807814e-03 1.256901924807411362e-03 -1.370618087019762153e-03 3.925111553416300858e-03 2.882582473212431766e-03 -1.811914662153190107e-03 4.558454263773153471e-03 -3.198813896149240322e-04 -3.268006862032715124e-03 1.071100052486223878e-03 -2.039603198118357299e-03
1.310570896264901973e-03 -1.084898256206459979e-02 6.367488589001183905e-03 7.492427459921304454e-03 -1.987197726026870576e-03 4.051156613435743375e-03 -3.282813112539547220e-04 -6.172462674311464609e-04 2.488882344986427866e-03 4.063187949377343455e-03 -4.442925841789784058e-03 2.820767896761219602e-03 -8.987346711680520295e-03 -5.677464258766602668e-04 6.335883820186509474e-03 -5.695282261824876312e-03
-7.535689576467732203e-04 1.433639603123029391e-03 3.382448749770087734e-03 -1.454184414967889336e-03 -4.576010667845896570e-04 -4.762766070342493966e-04 -8.592417421106238835e-04 -5.940902335815333515e-03 2.276013603571836949e-03 -8.127022991982190423e-04 1.545536189329032835e-03 7.739959272772217822e-05 -2.346188921789424658e-03 1.265579438136874837e-04 -2.163870596081848407e-03 -9.844906344527442222e-04
-1.252259109648371296e-02 3.574972561461118529e-03 -8.032492494448444445e-03 2.967620857259155396e-03 4.159477373274138995e-03 -4.989067198396620988e-03 1.284536665241368600e-02 1.184181835644799313e-02 -1.330297705072389959e-02 -6.568284284204135674e-03 -4.840060728125567847e-03 1.299932075404933553e-03 2.094918571012562621e-03 -7.611370819193846553e-03 4.884360378938746618e-03 -7.136983883353855730e-03
-3.582175801438510117e-03 1.605956939403826176e-03 3.921264920079565856e-04 -3.173702704035184026e-04 -1.804608964280677305e-03 -8.363355864466867932e-04 4.603909903052942967e-03 2.435002228111472333e-03 1.058841848612731337e-03 -1.915266636646619858e-03 -6.713085470988012842e-04 4.092105260976188971e-03 -3.676179738483715057e-03 -2.033880851772479868e-03 -2.117644379543126218e-03 1.682813170296837196e-03
6.250061806751859659e-04 1.942771813350820326e-03 4.058203223572862291e-03 -1.523445018835702320e-03 -5.708942252222575994e-03 2.450557680172043597e-03 1.526153434684563446e-03 4.383706410616907898e-03 2.944774513904383395e-04 -1.317855163628061125e-03 1.207134405155364668e-03 2.134273050256769132e-03 -1.978465414634077504e-03 -4.557174295502049687e-03 1.723321018447871149e-03 1.662204854042905215e-03
-4.896487001851927831e-04 -1.757401169404650262e-03 1.805618688654123463e-03 5.592773360694517325e-04 -2.673233519484530165e-03 -1.527370561652997014e-03 -1.905596392374631987e-03 2.874041842268664024e-03 -3.425653970641252561e-04 -1.948280665812508359e-03 2.637183400553276286e-03 2.947279019630523033e-03 1.472240201130456567e-03 -2.089328199324868782e-03 1.013770636824016906e-03 5.660242096032106970e-04
-2.216312390019616334e-04 1.194044643695966736e-04 2.174917473315171081e-03 -1.879657609282903716e-03 -1.872043350622124751e-03 2.166943013514886860e-03 -1.526114912276586161e-03 -1.427822215728931712e-03 -2.957702024546030452e-04 -8.057516838119715150e-04 -7.022397532085742971e-04 -3.266747722929180353e-04 2.164614277810119995e-03 4.228157936494779043e-03 -5.166236849620722132e-04 6.163266248393363530e-04
-2.769328345961329508e-04 -3.816928442315883278e-04 -3.068601456635526494e-03 9.371227216746103473e-04 -2.081336172314816099e-03 5.694689906953331188e-03 -9.981166161661656801e-04 -3.786759033698387181e-03 3.590969521609213566e-03 6.049453950161019083e-03 -1.806347849022672076e-03 -1.668960148332352842e-03 -2.107644598496602201e-03 3.488016444627444271e-03 -2.730886398843356856e-03 1.711451808775404839e-03
-1.907816507945727042e-03 -2.820243856863301722e-04 -1.029188188762464318e-03 1.959860085130563957e-03 2.005813271475300526e-03 -3.212261873604706046e-03 -3.291986166189112602e-04 -1.395814913240821719e-03 -2.744732651720542711e-03 2.269385392257125284e-03 1.179601216520395537e-03 -1.597022847759786658e-03 -3.883971932091403144e-03 -2.261089479045636907e-03 -1.271439363460776309e-03 -7.661387914913371814e-04
-6.528846597709542926e-03 -1.685767917745076673e-03 -5.085722114148370212e-04 6.190529467981618255e-04 2.254910728866077463e-04 -4.513190384476697264e-03 4.574001565298103748e-03 9.876520210797932672e-03 -7.517370437385964901e-03 -3.636660653249202020e-03 -3.698490786999282607e-03 4.768544775280847761e-03 4.281933523349119169e-03 -3.442904088471163658e-03 6.077027101178278032e-03 -4.017639242061433330e-03
5.766193755579108364e-04 -7.080512299524837835e-03 1.874349717592932538e-03 2.766435800590885067e-03 6.522858706675666203e-03 -4.207600252426062400e-03 3.329640245842309105e-04 -1.300094421197775345e-03 -3.265483646124892319e-03 5.221564084168845874e-04 3.664045157435978639e-04 4.691336269902007805e-03 3.590509000851781728e-03 2.627446343898885359e-03 -1.391624310465917240e-03 -1.541153298696427152e-03
-1.198593628619765367e-03 -1.133349388734739135e-03 -1.048582626852034416e-03 -1.218108462789542230e-03 3.473848026166216629e-03 -2.385827396166984721e-03 -1.565303166457760646e-03 3.999533848453665393e-03 -6.963949834522227891e-03 4.653480973443845374e-04 2.634785432862460017e-03 5.712137745702336846e-04 3.654413661323775275e-03 9.582430187443552504e-04 3.173108953176746738e-03 -5.106607074398266831e-04
-2.977905510777879936e-03 5.928584402037166126e-04 9.351214439538328097e-04 2.091324732554495670e-03 5.757376558930104703e-04 3.820973385812240089e-04 8.614432742305306841e-04 6.065371075395510972e-03 -3.840534144482129434e-03 -4.880711450247653647e-03 -3.295461522027438167e-03 2.904842296742783919e-03 2.508723853460334986e-03 -8.490637981637764444e-04 3.732227596227813502e-03 6.676490248557428748e-04
-2.013625658505151673e-03 9.721861970805313570e-04 -3.319386597712378848e-03 3.941936429552067578e-03 -5.019014343061343683e-04 -2.723539497884857989e-03 3.647729361457867272e-03 4.968715720336179878e-03 -3.097558090641175377e-03 -2.619928292534922168e-03 -2.332519692026240044e-03 -2.237812252909784309e-03 -6.874962434735720383e-04 -2.258446772029083349e-03 -4.562470238546158306e-04 -1.673385708321559716e-03
9.965822458110548676e-03 -3.826668266517084960e-03 1.309552214869637342e-03 -6.112593118754582489e-04 -8.475971003337960229e-04 3.302848744818516046e-03 -8.319195387686542306e-03 -1.248359725395931097e-02 1.037245777198645205e-02 5.734372941652674839e-03 2.180643046175282252e-03 -2.477967315080151830e-03 -7.364984566306000992e-03 4.236752664510246187e-03 -8.332444013784860021e-03 2.393195783533825800e-03
1.583729786568404893e-03 2.325203714548278698e-03 -2.604411395119906030e-03 2.186926704681554923e-03 -3.900452204043245840e-03 1.337124624166278856e-03 -2.131003093914282404e-03 -3.246406010661223064e-03 1.459456424171459059e-03 2.119574090979929690e-03 1.454730650411701276e-03 -2.055499169735528278e-03 -4.870324355859867275e-03 1.725217425476068900e-03 -5.860045772359132521e-04 -1.514987965244202466e-03
-6.089699380796277824e-03 8.307944869111683062e-03 -1.488180603597056206e-03 -1.596726539851116690e-04 -5.824257094146343718e-03 5.451102051869158478e-03 -6.117492516207114362e-04 1.448163503965181793e-02 -6.413563957175775002e-03 -1.227248942528806099e-03 -1.372862551986101442e-03 3.677069148183700702e-04 4.919982505479122796e-03 -1.875491280553364358e-03 5.211425534174429948e-03 -2.795045225825543069e-03
4.341142441300838845e-03 -4.342222010386408496e-03 5.281875552597261464e-03 -2.623731375636385085e-03 5.071984057495612739e-04 -1.540634815222098955e-03 -2.146367780774819517e-03 -3.360658075770729843e-03 1.190968270458559776e-03 -1.426435459228091954e-03 -1.527491440922512222e-03 5.736515991122920904e-03 4.893090909064615364e-03 3.173152347720539258e-03 -1.815777176952409241e-04 3.278757286658877824e-03
-6.109573101098059872e-02 -2.096612737423832196e-01 -2.484681150280701120e-02 -6.803507348634943441e-02 -2.463033163527602112e-02 3.213847703904643138e-02 -2.043098914760497486e-01 1.063767092712850915e-01 9.461794076173918322e-02 1.052199319850428416e-01 3.751989991175907341e-02 1.602031686054798676e-01 1.564870035127911840e-02 -4.016303307537649747e-02 -1.421510665646545379e-01 1.277042149335935184e-01
7.337377338451990527e-02 2.521728610848890106e-01 2.969814205845899835e-02 8.646060443189376721e-02 3.277652074148455080e-02 -4.044628055210315598e-02 2.452196799649145331e-01 -1.273282247715028792e-01 -1.172168967316213062e-01 -1.320741581533627085e-01 -4.510028723263467126e-02 -1.950328839962750804e-01 -1.704199755678673447e-02 4.606417191754480500e-02 1.724954044184884849e-01 -1.531379189277169428e-01
-7.630722474087406337e-02 -2.573214288872405775e-01 -3.043870705629232384e-02 -8.873613079371665824e-02 -3.172747918432763936e-02 4.480630743580351488e-02 -2.542672596006236851e-01 1.379356761524203334e-01 1.196537120478946142e-01 1.353566093642183388e-01 4.832781985520266665e-02 2.048275767454497687e-01 1.846051750824186100e-02 -5.004824999043779726e-02 -1.828162075477749449e-01 1.635575346826884935e-01
-1.073997701188462578e-01 -3.615195159779827083e-01 -4.759010580436716376e-02 -1.230656105916684145e-01 -4.324051204600225934e-02 5.761878597534030033e-02 -3.532672687929821476e-01 1.890290131872713886e-01 1.678216410568186268e-01 1.927728818563311519e-01 6.879143232559968568e-02 2.781015210331282406e-01 2.819434940568971149e-02 -6.403793708840495313e-02 -2.513230037017384899e-01 2.203324113537379336e-01
-2.411981068663167360e-01 -8.206525338521386548e-01 -1.017951328884880713e-01 -2.854687522701803704e-01 -1.003642436875579746e-01 1.357002864404543430e-01 -8.072738677272646157e-01 4.303179474268108984e-01 3.827616495244545725e-01 4.320587439527832641e-01 1.506389794187932285e-01 6.356077539361704165e-01 5.920282105098222114e-02 -1.517043278192969913e-01 -5.693264669629520824e-01 5.076942308811626114e-01
-1.041915948485604149e-01 -3.698497302018207700e-01 -5.172382941336062939e-02 -1.198623737031772052e-01 -4.333613190486198391e-02 5.991477014111846328e-02 -3.602277897077474367e-01 1.878539832438987645e-01 1.650672462818578434e-01 1.962865023936578024e-01 7.092243483316103270e-02 2.840033697740517726e-01 2.660112839940668647e-02 -7.130127826327237184e-02 -2.560270497886174002e-01 2.251150697295535574e-01
1.255545111405269310e-01 4.177217886647846545e-01 5.196208497749902483e-02 1.482426655447661168e-01 4.877845136234422452e-02 -6.961714848059184779e-02 4.109006118349517456e-01 -2.225679541915547566e-01 -1.946440828607488294e-01 -2.217231155713979829e-01 -7.729356464514255953e-02 -3.267123803237725888e-01 -2.760392993608353635e-02 7.732033345641546596e-02 2.923288144917869924e-01 -2.580489105032199859e-01
-2.287766557860264685e-02 -8.445876257404072440e-02 -4.766052145412299178e-03 -3.053353039866599922e-02 -1.155341537409034294e-02 1.130792386598836879e-02 -7.847232803104960130e-02 4.237933477305871888e-02 4.054931007904566398e-02 3.738726102793035744e-02 1.196441792930302839e-02 6.353381623330675576e-02 5.308748188233830718e-03 -1.483196945686502191e-02 -5.777598618460526997e-02 5.450688198688929953e-02
5.406696200095591903e-03 2.009719540611771063e-02 5.413958744891705574e-03 6.358602547927646488e-03 4.189506759837121133e-03 -3.257710699914351336e-03 1.826522602225940511e-02 -1.060716161321166584e-02 -6.805501148904696991e-03 -9.127404241625844752e-03 -1.252044752541646520e-03 -1.544391780264769629e-02 -2.328267271744860305e-03 5.013257850316844844e-03 1.274243317398888325e-02 -1.598887845736865487e-02
-6.859093503324963093e-02 -2.361027269142179641e-01 -3.411572119470232534e-02 -7.764450401341564667e-02 -2.612117544990687559e-02 3.512948346145131073e-02 -2.319569656106865163e-01 1.202316876404634083e-01 1.078681721936240595e-01 1.335002920411932636e-01 4.822941068977405071e-02 1.819129658529486382e-01 1.771007622088621725e-02 -4.450492711407828816e-02 -1.663011062896151970e-01 1.432578400627690651e-01
1.530525832962566501e-01 5.374389767021049424e-01 6.925261564093883326e-02 1.798306884733343325e-01 6.841361746058095827e-02 -8.294576334619237212e-02 5.260121658478638107e-01 -2.731225319376984206e-01 -2.444149516163223734e-01 -2.852222013621942831e-01 -1.033758817999765184e-01 -4.122742789902859029e-01 -3.988705908481729456e-02 9.871116601672180746e-02 3.686440584944200016e-01 -3.290073557484794464e-01
1.869192151739448859e-02 5.536086621751833831e-02 4.708908850946339798e-03 2.075365383627003971e-02 8.702205722005315960e-03 -8.252308617744747582e-03 5.430624245386486693e-02 -2.811274908392866895e-02 -2.760780216724789682e-02 -2.321986573901209730e-02 -9.729382611864500000e-03 -4.294858645729939667e-02 -3.542919387322470814e-03 1.112714790931413483e-02 3.906900983568745850e-02 -3.470279541838646592e-02
1.198366719661252480e-02 3.631514694695971157e-02 3.982117332712714446e-03 1.392742878994939100e-02 6.012720846951689381e-03 -8.608660940075745296e-03 4.041627545402253635e-02 -2.398235957375231125e-02 -1.857388109188672434e-02 -1.926129510130650951e-02 -5.009961650673690550e-03 -3.300717239129221520e-02 2.595858331968463719e-04 7.238631713811126238e-03 2.825177556567606829e-02 -2.468288149668433976e-02
3.653779490645291117e-02 1.238873856934294970e-01 1.611588647679186928e-02 3.992007532423658828e-02 1.418452426200946317e-02 -2.089606652978278842e-02 1.202443329133069255e-01 -6.416464411086397757e-02 -5.757236782611671599e-02 -6.034598155710587525e-02 -2.222245737939424967e-02 -9.809091229093394593e-02 -8.343085983053956031e-03 2.090195932325216929e-02 8.456283263668913641e-02 -7.875458426842932291e-02
-2.364663314358140048e-02 -7.978532983603493778e-02 -1.185798385120462144e-02 -2.498024849593428673e-02 -1.011274199188112038e-02 1.353523912929260366e-02 -7.910413840100316563e-02 4.189947020007567247e-02 3.806615589017398743e-02 4.543423921072680532e-02 1.778458407084484993e-02 5.861809926298137963e-02 4.959829925853421508e-03 -1.360866360577733802e-02 -5.168587016095147618e-02 4.671125417109307787e-02
-1.366921559331811253e-01 -4.602558883579229709e-01 -5.542104499738766815e-02 -1.593667180836597641e-01 -5.855182389378404961e-02 7.690758355371404842e-02 -4.536229798786703959e-01 2.412386537194184111e-01 2.118668280339738030e-01 2.412395010856868971e-01 8.458756078955786961e-02 3.567552420674741653e-01 3.097897843923006281e-02 -8.419396740117848776e-02 -3.196915282599022134e-01 2.882452689576482929e-01
2.557893780207914219e-03 4.054654093234759740e-04 -7.638684365829758382e-04 1.200145843500607587e-03 1.238684535840847700e-03 1.413130290914460345e-03 2.630361833400998717e-03 6.012430100964115572e-04 4.396208329904218066e-03 -1.449130253466796676e-03 4.701024678371436109e-03 -9.256133797397020748e-04 -3.272215162454678592e-04 2.726369498806969875e-03 -9.697171172938285797e-05 9.363455046745967035e-04
-1.322739019242407765e-04 -2.605118979919701389e-03 3.694207799080323311e-03 2.933897698305384417e-03 6.210318597435363162e-04 -1.050148484060425954e-03 -3.168994120650099350e-03 -3.100112425828329553e-07 -2.513717468889535653e-03 3.192695582165437445e-04 -1.188468126268754383e-03 2.110635837688720935e-03 -2.985832643795647764e-03 -3.628896105180099384e-03 2.290535645165268658e-03 -2.806719243440611907e-03
1.007368811438604699e-03 2.485202639079793041e-04 -4.839074897373312552e-04 -1.624508961520556303e-03 -2.060776833746265932e-04 2.859654172059101010e-03 2.065352578829162452e-03 3.136455791076947670e-03 3.039864837764188945e-04 4.688079342799985390e-04 -3.744408434187888835e-04 8.456873112516262751e-04 7.368025997511830133e-04 -3.567354071952873792e-03 -2.787250831760661011e-03 -4.806182547731503371e-03
1.723581322014504217e-04 -6.794589602295424656e-03 2.204913897609892415e-03 3.461672311141839563e-03 2.839128385926595159e-03 1.237143591082258453e-03 -1.354015492212411100e-03 2.827340730779550823e-03 -4.225043555097246321e-03 2.366608526253757231e-03 1.241169585989755717e-03 5.927917971056636572e-03 -3.107059520330002190e-04 -1.201964858334840730e-03 2.609842745887405897e-03 -2.995881792984481182e-03
3.956364037445782343e-04 -2.473658180480280567e-03 2.525844777919181942e-03 -1.353491431471137100e-03 1.442565939434211882e-03 3.679538676501093852e-03 2.784705881042525886e-04 5.342623692158816927e-05 -6.943719490567719366e-03 -9.746774746759033665e-04 -3.116874632761687611e-03 1.570204396977181120e-03 2.956242559904488643e-03 -3.880866680502746344e-03 -6.582527351909467622e-04 -1.944279016922200766e-03
-1.166461249566079755e-03 -1.353132649474879205e-02 1.338468550057157064e-02 9.882501141136470699e-03 2.067769322387855244e-03 4.154530486521763877e-03 -5.427097511184995893e-03 1.081102943932357426e-03 -1.238600508387332870e-02 7.955169758858137569e-03 -2.448894091132436737e-03 1.325765430111037514e-02 -1.919785428644190479e-03 3.641944253794454460e-03 1.111680317877767471e-02 -5.462016837282527258e-03
-1.774093422231219630e-03 7.368813359656120089e-03 -6.799339780602008977e-03 -5.176993796091631378e-03 1.042930976694098066e-03 1.145478132983416501e-03 4.131887939160120218e-03 4.035137297958811000e-04 2.678573858569518931e-03 -6.345756673393911952e-03 -9.350217853203788947e-04 -3.374475503041343000e-03 1.049929484869473358e-03 -3.104869121137784384e-03 -4.151389931116571987e-03 1.434415380911331639e-03
-5.496563186149606246e-04 -7.326485565574900917e-03 9.212223778367691768e-03 -2.203403875178990955e-03 3.008653635571967907e-03 6.208216173170291383e-03 -3.557514391782148726e-03 -5.773999892483400696e-04 -6.611776611995824442e-03 2.116457564300371161e-03 -2.828714724526944918e-03 4.455313575450322618e-03 5.597504599141803336e-04 4.390080830879441835e-03 5.003744972184994907e-03 3.750519788292946879e-04
1.960278680104931767e-03 1.906276162737356294e-03 -2.558653887169463036e-03 2.895349920114106187e-03 -4.517120212948177440e-04 -7.077221405803415903e-03 2.838243599852790654e-04 1.644040632816175804e-03 4.404844408379460230e-03 2.045998117180758847e-03 -4.149565961901564501e-04 -2.519634861475093281e-03 1.672051367911631838e-05 6.589020501023193756e-04 -1.835068697530825013e-03 -2.800378234663086774e-03
2.152601148338276205e-03 8.842247118082856988e-03 -1.021578591229945106e-02 -5.409201271500282959e-03 -3.376062352682159939e-03 -2.394669891067197336e-03 2.628689051556055457e-03 -1.496987508024182588e-03 4.886508767707940099e-03 -4.603417569903693954e-03 -5.166290056356858231e-04 -5.008720217721712546e-03 8.638349549786398509e-04 -2.359275005124740563e-03 -8.572297352323938677e-03 4.068170263280953755e-04
-2.023903012609333356e-03 -5.352738837147994269e-03 -7.641531121798868535e-04 5.763473377982912191e-03 4.959814523012648487e-04 -4.365331928961044879e-04 3.075307504447529210e-04 3.831696628394735005e-03 -1.509268446232831635e-04 2.002377013922209694e-04 3.709203996395757786e-04 9.399945988729518660e-04 1.387807689146878685e-03 -1.676471927531726896e-03 -1.329392254320163223e-03 -3.946367045428000007e-03
2.896240175709733668e-03 -1.644687076530274234e-03 -8.347009700454910506e-04 1.461717224535583667e-03 2.216490429235970549e-04 2.734979958450098163e-03 -6.490560367213404468e-04 2.289544021219345853e-03 1.516273764197018223e-03 -7.521247077758287875e-04 -2.442225384899760193e-04 2.370058308507781795e-03 1.534322931455515222e-03 -1.119070760305434500e-03 1.570243621106835914e-03 -9.846213103870933916e-04
1.502229711974570336e-03 -2.845578893775364566e-03 8.223750777663056287e-04 -2.220045487969906912e-04 3.076248844099891398e-04 2.753582506378149993e-03 1.364595239362577849e-03 1.222187931996669740e-04 -9.768996242840071245e-04 -3.371812219072162719e-04 -6.881313108420055932e-04 -1.009086290835756487e-03 -1.577733167707808795e-03 -1.052115847200360381e-03 3.130173665733240653e-03 -3.336482805683953137e-04
1.816300397108864314e-03 7.648067171649964788e-03 -4.469725329472861233e-03 -3.542743144466299274e-03 -1.139397494519041277e-03 -2.123824631149996700e-03 1.039767611975910737e-03 -1.286269143733907629e-03 6.330724634545756464e-03 -2.338237576538886465e-03 1.640593069572153897e-03 -9.178874939795269444e-03 -1.897506268547683632e-03 2.084141092751353331e-03 -4.498623902920321181e-03 7.354582248537139787e-03
1.635953632893556459e-03 -5.138112172630220249e-03 5.080953816498045422e-03 2.140479600910832631e-03 5.094698768263008267e-04 3.466837141786754169e-03 -2.704996594358200120e-03 2.966592329217555661e-03 -6.065378486444929218e-03 4.466620855615373612e-04 1.534709830568995945e-03 3.137067417700555895e-03 2.950387378326040587e-04 -7.939603046378578216e-04 5.609468367500316903e-03 -4.360745114290452175e-03
1.529566672188446613e-03 5.649971322883891658e-03 -3.940326500314787934e-03 -2.630849968235937815e-03 -3.953073480791250219e-03 -5.506055941514546165e-03 2.126380437516294658e-03 6.955350040382390908e-04 7.580118662461866885e-03 -4.814263254241482951e-03 1.780629991066095446e-03 -7.783172225204375641e-03 -1.955582806900602738e-03 -3.822656317983880885e-04 -3.623281957751408461e-03 5.375883481152775312e-03
4.003469813507670901e-03 -8.228653852808709770e-03 -3.335299105573989124e-03 8.612842812618927120e-04 -1.031868822564850456e-02 5.138985152218624418e-03 4.040689223583145140e-03 -7.985783279721247671e-03 9.113267460983951948e-03 5.711970756374900454e-03 -7.189487684405700997e-03 2.573421780084293384e-03 -3.539017063184289602e-03 -7.425473404484718811e-05 2.312951184650781800e-03 7.386101182265829984e-03
3.408848750459482230e-03 -6.786662085051149880e-03 -7.041004103839305223e-03 -5.794536278003385374e-03 5.534030865935866310e-04 2.590797304555944418e-03 -1.762023131660425766e-03 1.410939083456740160e-03 2.676732200887260195e-03 -8.898090353428595844e-04 -3.273376915949564175e-03 4.526458373224084147e-03 6.309473626843314356e-04 -5.361612804489329295e-03 1.424005793646824147e-03 1.356446644222714104e-03
-1.302822286544155620e-04 2.939592632276127708e-03 -1.857033062307765405e-03 -7.498560273610079506e-03 -8.628133665231587550e-04 -2.065509488196248279e-03 -8.635044056183728382e-04 3.698420874150361044e-03 -9.993453186038741935e-04 -1.715010056764681599e-03 1.321524131393274435e-03 1.026895761271062789e-03 -1.075154970185327109e-04 -2.807544259647720025e-04 2.157102806490390681e-03 -7.469713307881394211e-03
-1.639084957219489724e-03 7.763322316772318897e-04 -1.738990110591090476e-03 2.134248273256980025e-03 -4.008507392367992826e-03 2.560534680748993795e-03 1.113247522854853531e-03 -6.961619853281962068e-03 1.315008944270351469e-03 4.135556691827443725e-03 2.353204855030363151e-03 -1.698966200604307576e-03 8.944657843171691493e-04 1.999401227810072065e-03 -9.865195642163510949e-04 3.396476670905864120e-03
3.845613534783250565e-03 1.539538720716402591e-03 -3.700135421316705711e-03 -5.736297637582795164e-03 6.240568970711260662e-03 9.750314555808309910e-04 -1.726111907749304118e-03 1.012809779246239689e-02 -4.920069058249595256e-03 -6.797178701229525909e-03 -1.415253081723979794e-03 4.360661555488430478e-03 8.505377230600307458e-04 -7.597327442090398217e-03 -8.126046424153665366e-04 -5.865269008635768527e-03
2.653736750835143047e-03 2.065280914514541419e-03 6.352084514411044497e-05 -5.012983549084815312e-03 3.105211272895570807e-03 -3.736353685578712165e-04 -3.437382918548401080e-03 6.022873360993789317e-03 -2.385378191194528156e-03 -4.175792169220662008e-03 2.554364021693038798e-04 3.911492622643644029e-03 3.738295331027229485e-03 -7.526083258730388061e-03 3.354799405448051432e-04 -6.974204404531195341e-03
-1.746616494321956295e-03 1.649529124415046680e-03 4.303000764748074296e-03 -1.496407378748590812e-03 -1.187203956116617042e-04 -2.712634003936643338e-03 9.902761155046186769e-04 1.317720345712377868e-03 -4.654668536462861807e-03 -6.578817474529470013e-04 1.367617692605045156e-03 -5.060098025623934251e-03 2.354905004361461298e-03 2.450061882031919630e-03 2.136281745786837091e-03 -5.584014668696467981e-03
1.531827033815891205e-03 -6.687285211428279459e-04 -2.058448116792691018e-03 -4.422563763277194936e-03 2.143791057406003921e-03 3.779056784568532359e-03 -3.359239715527734694e-03 5.419928137240587890e-03 -1.036296776180249332e-03 -2.690200359758340102e-03 -8.071260983329557343e-04 5.152485331438790526e-03 -8.901312089845882670e-04 -2.872837474086958973e-03 -6.324975361537675273e-04 -2.048312950233333041e-03
6.101123433938049302e-04 -9.300455884961851636e-04 -8.412628490033301600e-04 2.616759128474754892e-03 -2.655399895635466526e-03 1.890667173312890687e-03 3.405308938416495889e-04 -2.267941172791746503e-03 1.806928362796581585e-03 9.828133663897296694e-04 1.004463568944166879e-03 -1.574708506120456927e-03 -9.720848911290992352e-04 3.025666090663921021e-03 -3.064080333306707597e-03 2.762916297003229112e-03
-1.546811313559209129e-03 -2.022859181507050391e-03 3.294468470197111330e-03 9.720708925735640051e-04 5.511700304323566800e-03 1.595671286776086713e-03 1.341484115842234018e-03 1.850385676774643208e-05 -2.070112005674770370e-03 -9.400509191167555345e-03 3.785373809329441869e-03 3.807240432422205503e-04 -4.186646532323115739e-04 6.023976553311955612e-03 -2.372109907513578891e-03 8.455426935466208230e-03
2.619659230675497677e-03 -6.787709469078596555e-03 -7.391586305624799243e-03 -6.465648550963817485e-05 -2.048906890102278854e-03 7.513923189601736698e-03 -3.974132324202238526e-04 -2.181233085833489491e-03 5.292594943516489188e-03 1.922924062834514565e-04 -1.665846337589156406e-03 7.692141046800726918e-03 -2.448996180703640578e-03 -5.674000641238091495e-03 1.325584091418837709e-04 2.116689390885960909e-03
5.188789158316482394e-03 9.458844160701132845e-04 -3.476363007580357024e-03 -7.287927214191770690e-03 4.721670779801030900e-03 7.488072100239785570e-04 -4.315010163465793185e-03 8.829993791653912086e-03 -1.464657993059934483e-03 -9.054836696083236542e-04 9.199117907013510016e-04 5.978406529200439891e-03 3.236301297229844925e-03 -7.938931417029086376e-03 3.408167223886808973e-03 -1.035689929314355211e-02
1.889039454783298386e-03 -2.718672079485355900e-03 -8.313377250600715793e-03 -1.673731424068304044e-03 -8.570062916319471508e-03 9.215456558598128164e-04 2.074057286868564737e-03 -7.020256912862269175e-03 7.123980396302587344e-03 7.432918011164906837e-03 -5.781387183270285043e-03 5.523800327952345553e-03 1.595614464647332248e-04 -2.546584305440633463e-03 1.194356994746644581e-03 -2.462052281682484793e-03
2.688464813672329819e-03 1.381315729084352717e-03 -1.227584570926554394e-04 2.087006123817999447e-03 -3.005672599298871411e-03 -1.914633107409882641e-03 -5.892621627232176151e-04 -6.250907162113404289e-03 -1.676225213442306518e-03 1.411470077470289687e-03 9.556088842339720019e-04 7.753417103464567070e-04 -2.292513689844204693e-04 3.583768549394595118e-03 -1.838453593991571964e-05 1.725097484485266881e-03
1.335580140090166738e-03 1.077559009589604353e-03 -4.686974662445425772e-03 7.719786080165893204e-04 2.114560754449053281e-03 -7.178648219593363388e-04 -3.030677026868457396e-03 6.527444936200266050e-04 -2.150006885908077245e-03 -4.294097528383231457e-03 -1.563026346219496560e-03 4.842128631802286066e-03 2.034562728802361952e-03 -1.458095648774642263e-03 6.787513357767697856e-04 4.224778815501443498e-03
9.942173359187159512e-04 -2.855149091828846578e-03 3.035569980840254942e-04 -2.718716537117872242e-03 3.359430957126955438e-03 -8.158905678168416106e-04 2.207820584109846090e-03 6.962627598168943943e-03 -4.789785365876444122e-03 -7.116960249080350395e-03 2.293236065670555619e-04 1.705013920954856228e-03 3.097147708862315273e-04 -1.483974160593823496e-03 -2.384690184362941220e-03 1.900436907895945195e-03
7.644254889975463617e-03 -2.268418795945170794e-03 2.411682350589217875e-03 -7.249309668382913257e-04 -5.025662521288147598e-04 -4.226798540629645579e-03 -4.666688421386930991e-03 1.754084017712738332e-03 1.022532983372017798e-02 1.635494817841430136e-03 6.642146114345258607e-05 5.132582559438085383e-03 9.441981209525713084e-03 -5.597081709302601958e-04 -1.681073202883142954e-03 8.977413096276608273e-03
-3.209953495492986575e-04 -2.084126318440185626e-03 3.211777737690638471e-03 -1.883307107202623161e-03 -6.080239198496003791e-03 -4.097375542408219357e-03 1.933224445618068150e-03 -3.620369542263574773e-03 1.301605964446492019e-03 8.879257360797468066e-03 -2.447827994320313227e-03 4.947820891367212155e-03 -1.697276001265088244e-03 6.413501853294868195e-03 -2.296970839710194348e-03 1.411428908205847928e-03
4.114366978543793248e-03 3.591757852661409903e-03 8.170922220194760596e-03 -3.374310310422080558e-03 -1.987518285347713090e-03 -1.078143349601425873e-03 7.927399682186310166e-04 -2.276842901109338031e-03 -3.708364027270121942e-03 -3.116323111337526274e-03 -1.224546749416991973e-03 -6.805247109940838713e-04 -3.361742061163754645e-03 6.397313973591574505e-03 -3.640831467755216259e-03 -1.482915689169697886e-03
5.072157024088986763e-03 -4.379202304438751560e-03 -9.391123673750587358e-04 3.888943825341262522e-03 1.614584774840971187e-03 -1.948636761416014992e-03 -2.095755636628335045e-03 3.136378125227514985e-03 7.620823854884313173e-03 -2.333877212770575724e-03 4.510889812088913174e-03 1.338462597335614681e-03 9.283624453799564635e-03 -4.764588578179173965e-03 5.444638888858207432e-03 6.522340744255455611e-03
-2.153204825958485343e-03 -3.707880518975880703e-03 -1.683606962931234784e-03 3.247496156220045036e-03 5.264424017870301779e-03 2.484308302673646739e-03 1.734355373526602205e-04 8.384887240029825382e-04 6.601371872827751890e-03 -2.577147449612278082e-03 4.492120166750349368e-04 -5.391434506411867588e-04 6.486191486415644400e-03 -5.812768893348735540e-03 4.748261233472418630e-03 -3.356501428008304162e-03
-7.897101838159596319e-04 2.993886692093363378e-03 1.014377829978656449e-03 -4.315066557903812772e-03 -3.195012715149075054e-03 -1.865211210994780866e-04 1.008704997106350825e-04 -1.799831914915496446e-03 -8.327647048355762407e-04 -3.489244983998101169e-03 -8.694360673002565288e-04 -2.283262460230259163e-03 6.114859739033952574e-04 4.861931452666878699e-03 6.724925190248101214e-04 2.267091332681511404e-04
-4.578314742008134618e-03 1.158468252215580016e-02 1.260722538903673827e-02 -1.313994551687499256e-02 -9.223621762546518540e-03 -2.479551488012399999e-03 2.508168354779963076e-03 3.222851857536862042e-04 -2.386631466655406847e-02 4.305976490333180730e-03 -3.127325166645813278e-03 -3.490486926914426941e-04 -1.866514506933027520e-02 2.011771901712249358e-02 -1.576469359720546540e-02 -5.753276160755460902e-03
2.694088046948913805e-03 6.451868049861738362e-03 4.820403285524085184e-04 -2.843489775416204162e-03 -1.092166413680522067e-04 6.088164967681677052e-03 -2.409868438110455372e-03 1.248298227812457816e-03 5.414089102019521704e-04 -5.363506456823006162e-03 -3.649524156743471411e-03 -1.789818279456027424e-03 1.906339477281159423e-03 -1.135961400170412867e-03 1.159858596241457838e-03 3.090902777733506366e-04
-1.774270857570464394e-03 -1.354067184016564821e-03 -2.946477546787615483e-03 8.171607910683790317e-04 2.791920459526074996e-03 4.006260999784159310e-03 4.839954847237513264e-03 -2.923931314244807966e-03 -7.963086527303176788e-05 -1.272082928380159107e-03 -1.396099532982410631e-03 -7.459082609141552862e-03 2.564342351365732787e-03 -2.165277850330059144e-03 1.682550040424517571e-03 -8.176029034456249941e-03
-6.943941638160160482e-03 1.078793833085088527e-02 8.013626071284498525e-03 -8.616903304698865507e-03 -5.596534598329440911e-03 5.288750347426084478e-03 6.590312314012200870e-03 -5.986391941775792529e-03 -1.750620706316096883e-02 1.668538587815813178e-03 -5.555918748536245975e-03 8.411088479034298118e-05 -1.328817763566030909e-02 1.896966940353532818e-02 -1.152138590886810088e-02 -1.216791877853621966e-02
6.214148391619342057e-03 -4.036213223201827981e-03 -2.019663267907299310e-03 7.082208412725052912e-04 5.015502066907652837e-03 1.833024685480168009e-03 -7.728378911732293119e-03 3.514832540583352673e-03 7.086715744667979565e-03 -4.644088596835479685e-03 2.575117318043993950e-03 -2.050253346913989867e-03 7.426162267736283705e-03 -7.171911967499069139e-03 2.481939528108906279e-03 4.949271493874393517e-03
-1.298717817302345173e-04 -8.464116423154845192e-03 -1.048615616635524203e-02 1.024662792528172224e-02 7.748847087645556291e-03 2.387537156316518663e-03 1.933733026323928694e-03 -1.587566726417203190e-03 2.001863109069654256e-02 5.998056445883343359e-04 4.220509584906653386e-03 -2.651771041614830321e-03 1.689702347528639070e-02 -1.735358905534502283e-02 1.332297121049069895e-02 4.458236333550349637e-03
7.684174169304473865e-04 -3.373300879644917320e-03 -6.744172241711640821e-03 7.736945440320095770e-03 7.403927669799459203e-03 5.802524492350222100e-03 -2.414394705983761730e-03 1.043621157608181065e-03 1.227840140660783896e-02 -8.027394732419174117e-03 1.734028423974023079e-03 -5.525387654159587270e-03 1.513852915092695796e-02 -1.673310627018925051e-02 9.893439085755318177e-03 2.610275808939586332e-03
1.480931040700408756e-03 -4.214820628540467268e-03 -8.734387381843556914e-04 -6.350829944241826765e-04 -6.580327984557686428e-04 1.514250298360968281e-03 -1.309620093911701272e-05 -2.711463341155788951e-04 6.521396619991923736e-03 8.368456396254565647e-04 7.005561683087301993e-04 1.644026665135605268e-03 2.013763980822546890e-03 -1.979476356236659074e-03 -1.730687633566605930e-03 -6.144185652783610511e-04
6.824794334192324334e-03 -2.887393449145628926e-03 -2.801153500098949034e-03 4.026260621021214743e-03 2.094370611174687594e-03 -7.864123280340372217e-04 -1.052306893896094893e-02 7.080739080517838013e-03 1.200279770647488808e-02 -1.103612378845763480e-03 3.371904006116680733e-03 5.881332295511914384e-04 1.030397615986545189e-02 -1.013959219122921411e-02 3.312699621053274025e-03 7.986130171153574958e-03
2.493880686383144300e-03 5.584944943399695492e-04 5.170304373247382353e-03 -1.553460873299840914e-04 -1.958153816305275349e-03 -2.692318323219477626e-03 -2.485104225642396935e-04 5.556618786935680395e-04 -3.222335119766501187e-03 1.354232856282421406e-03 -2.485981680868576318e-03 1.376447830527262675e-03 -4.134305280307839017e-03 9.165461667679659571e-03 -3.676050322631562242e-03 2.025778042105129927e-03
-6.371390761621668506e-04 3.413333601005821231e-03 -4.571418160890045913e-03 1.515914356084010952e-03 -2.937524970254683839e-03 -9.944536440593585401e-04 2.404895279601720892e-03 1.979675839711619867e-03 -1.840062179687850701e-03 -7.641670908480131981e-04 -1.204419269523126232e-03 3.098440129440820551e-05 3.194668384116482879e-04 -2.790146300510679567e-03 -1.908597572645911100e-03 -1.956671341750486088e-03
1.872157320444392883e-02 1.261461149721116760e-03 -1.202746910082543377e-03 1.315726349449044489e-03 -1.079430281839449147e-02 -1.502394102615096320e-03 6.340618631067450155e-03 6.819250484857758768e-03 -1.595051401988143228e-02 -1.800440449200944523e-02 -4.267938049537893519e-03 -1.267460047365652660e-02 -6.667841828260110543e-03 1.663392948558943497e-03 -7.402872282330366996e-03 -1.474511201085323096e-02
-1.253968506851865609e-02 -4.888440261144443716e-03 2.427865928399922015e-03 -4.931930917498973665e-03 9.116436011950234536e-03 -3.410876629051116937e-03 -1.547975133303219723e-02 2.013598685013208607e-03 1.533115762238605219e-02 1.030871600636100276e-02 -6.652987067784846276e-05 1.015857066876143557e-02 1.240681377000972183e-02 -8.027627490197718207e-04 1.355783461703502675e-02 1.144537611802768674e-02
-7.810830433212983225e-03 1.914339473767379205e-03 2.792289654016457193e-03 1.695805691314584886e-03 3.781350678760439944e-03 -4.597883453782610212e-04 1.730562236782576127e-03 -7.489873197082909211e-03 2.075856420626536695e-03 7.253307777758248066e-03 -1.666940519738941990e-03 9.012263215902014540e-03 4.150261651754467594e-04 2.599018103618152501e-03 -6.073604140315973492e-04 8.233671526785918621e-04
1.130499931553240016e-02 -3.865710027722943365e-03 -1.126543448923435133e-03 3.588995852391035565e-03 -5.349445801224795259e-03 7.183401706999733780e-03 8.661207103235700130e-03 3.983691835954365768e-03 -1.559219412154335890e-02 -1.588063117187336198e-02 -6.852376582581623000e-03 -1.450219271412254117e-02 -5.358521958608785871e-03 -1.560084057443591327e-04 -1.235661819751877367e-02 -5.370462606818694577e-03
6.549009181816214595e-03 -3.988280452700558761e-03 4.889759430248448446e-04 -3.181298979958126303e-03 -3.289394498136048641e-03 1.313340894550120907e-03 6.572480423866657387e-03 3.221492257614921102e-04 -6.662708571695759134e-03 -1.075814032282298126e-02 5.461137925417023850e-04 -8.261168841594869472e-03 -6.782925745341650790e-03 -1.041618470450406293e-03 -1.007782359146723074e-02 -1.075231850394363928e-03
-1.287174627473552588e-02 4.370356244367774867e-03 -1.432517427269445207e-03 -2.619577595055128105e-03 3.442283005848917245e-03 -8.639854599417084308e-03 -1.619842916877727024e-02 1.629327458241616820e-03 1.585783160760451463e-02 1.977423785009790880e-02 8.497595036796290122e-03 1.690152772684705429e-02 1.130126688988445510e-02 2.731777977715390757e-03 2.042817890020586988e-02 5.351941443512545950e-03
2.027222505169719996e-02 -3.772446935848734490e-03 1.408551112733606161e-03 1.121276861556145697e-03 -6.991852317382826407e-03 4.780118819371024022e-03 1.168393102739945059e-02 3.197369977418835791e-03 -1.938720060940191808e-02 -1.538948491700025713e-02 -6.926397837585664824e-03 -1.964382092313384995e-02 -9.887658455329052798e-03 1.654229387593226673e-04 -1.333872377978407436e-02 -1.232750641816566552e-02
-1.645120905392401245e-02 1.137858844578622372e-03 3.580654083501577569e-03 -9.454360540678299852e-04 5.488636320340890828e-03 1.668394137881580846e-03 -5.382295779031777069e-03 -3.302661853841047483e-03 1.563087233442720866e-02 1.602022255509597676e-02 6.016152972686581758e-03 1.118936656937256913e-02 8.944072200120774946e-03 -1.669170404383466585e-03 6.891756495921276017e-03 1.090925547821547555e-02
-6.196132776260138662e-03 -4.583281664402372342e-03 -2.429640776444165744e-03 -1.952852642202196082e-03 6.339176567595297988e-04 3.204321446012287615e-05 -3.789835861218972951e-03 1.126850249844985616e-03 7.570711734598280576e-03 3.754823118675330428e-03 5.937721949607276898e-04 -1.097780462623147713e-03 2.837762192657620943e-03 -3.133211187385601289e-03 5.434701567215823037e-03 5.388500718056173609e-03
1.013011404931146199e-03 2.517225906577155682e-04 1.286612903115265860e-03 9.226030919912714011e-04 -5.732115119771738834e-04 9.498495516496919047e-03 6.667316150928934669e-03 -1.220016634353932213e-03 -3.679587088197448699e-03 -1.344725339473740525e-03 -3.313156619836814080e-03 -9.918975090386437932e-03 -3.624042005872107983e-03 -1.195465980459272087e-03 -1.080457552259219030e-02 1.689494416581727328e-04
3.852902054516757924e-04 4.483953080850660092e-03 5.860147907721298963e-04 5.714464651024710531e-03 -4.782993501580146481e-03 9.106687090769109054e-04 6.896494885054014860e-03 -5.764059996999100662e-03 -6.619140638512962041e-03 4.713339891873305119e-04 -1.012735801776298850e-03 -2.637034243019145512e-03 -2.410720822502893795e-03 1.381419702060286908e-03 -7.722124834040596485e-03 -4.072834861934308652e-03
7.007221828501302395e-03 1.279795178062909924e-03 -2.705318140923438242e-03 2.633195526210054330e-03 -5.902519588844084772e-03 -3.988122478089228991e-03 -1.447518753492895750e-03 6.351633790491214779e-03 -2.458790684505351033e-03 -3.442429980779788459e-06 -2.057116913712203881e-03 -8.602733081933135835e-04 -1.142981974182977287e-03 4.104317304437552871e-04 5.368334545864722994e-03 -4.827307017401789510e-03
1.772844715374269787e-03 -2.737067350147437015e-04 -2.400235386032724850e-04 1.230965329525073558e-03 -8.603048293978820746e-04 -2.993370950830454708e-03 -3.158049554309937373e-03 3.745188366432519299e-03 -6.773189093151061994e-05 -3.209040156651881814e-03 -1.963966177572296697e-04 -1.312937420749462529e-03 -1.938400961246002996e-03 -1.617267763621086209e-03 1.926824853337248244e-03 -4.375967313675012751e-03
7.045653402329344131e-03 -4.196962208482940375e-03 1.505912543583283079e-03 -1.787181917868742049e-03 3.023257432947178223e-03 1.913739079355931136e-03 5.215096701870250949e-03 -2.708210992638345935e-04 -4.167230683128789713e-03 -9.622046384015396289e-03 -1.299010775284768640e-03 -7.757165248407298964e-03 -4.745895631065770795e-03 2.954553593763573419e-03 -9.599167700618698937e-03 -1.807006618545484470e-03
-1.842667214609228568e-02 -1.552106839910478281e-04 4.187694291158339244e-03 -7.448527380860818937e-04 1.015113773102320656e-02 1.186533359954990190e-04 -5.264596299260165986e-03 -5.187424095272363291e-03 1.478413194926924204e-02 1.690689968059123915e-02 4.263449148177010477e-03 9.879993132328205793e-03 7.004350439227456822e-03 3.220381059638822226e-04 8.507391010628010189e-03 1.346800960805018613e-02
9.658141413487211779e-03 -9.954535902187415519e-03 3.663767448533447428e-03 5.943587011921088424e-03 1.057550937376951867e-03 -7.887802290048467196e-03 1.371413973252687268e-02 1.273824781905317713e-02 -2.346644516870644015e-02 -9.512035135712157072e-03 3.267107279731606365e-03 -2.992494084624351854e-03 4.127058608344941551e-03 2.318086634178947308e-02 -1.521460637846710519e-02 -2.198458883381977647e-02
5.548769075054508018e-03 -3.578719882000716990e-03 7.938012299644284795e-04 -3.367982144304856960e-03 2.421205784179582873e-03 -1.325461500075088978e-03 4.416828961949046707e-03 1.860080158162689541e-05 -7.401716875936671962e-04 -3.729494146126805291e-04 3.363809597999901056e-03 -1.291401344622580653e-03 2.141150839202720854e-03 2.564025257061466456e-03 5.320496691493388670e-03 2.061000588920448818e-04
1.138431810997889496e-02 -1.663376817316139858e-02 6.003294097250795255e-04 6.133600158821504895e-03 1.358940545385330101e-02 -3.289524999744089431e-03 2.456279165983564494e-02 2.404953241481964585e-02 -2.810112121598265858e-02 -2.022322714295367654e-02 8.161808667101286968e-03 -5.026024654905806265e-03 9.809578223151311019e-03 3.269452917299810191e-02 -2.147708657255923900e-02 -2.896366837396269905e-02
-1.777404255531140525e-03 6.644870909815749852e-04 -3.876874469637416401e-03 4.249718965662800142e-03 8.593861064354462245e-03 2.847380281710929807e-03 1.258924730486706348e-02 1.173860263666859534e-02 -1.095413522319628984e-02 -6.248199082347685382e-03 3.860475650507329791e-03 -6.813802578839617610e-03 9.228148500241050226e-03 6.896542767229756586e-03 -1.499578226781160539e-02 -8.195150647901579613e-03
3.388274717292139894e-03 -6.450940199282719292e-03 -1.347288802316143732e-03 2.932495955968807827e-03 6.295660053223997056e-03 9.832309292279058609e-04 7.837134026610313720e-03 7.119257039499416254e-03 -6.378139270328388698e-03 -4.095577654529992256e-03 3.677570087746843443e-03 -3.917646063350455413e-03 2.250559108763662206e-03 6.483174366292086474e-03 -9.910149616866847574e-03 -7.773208238328095307e-03
-1.877644014116935196e-03 7.031301695931409940e-03 -2.327300904289463651e-03 -3.917038217589575988e-03 -1.508951849558593655e-02 -1.545479414557177208e-03 -1.211330038758091053e-02 -1.793075388310903101e-02 1.402853004713893598e-02 1.007187895118322185e-02 -6.265712356258315054e-03 3.424667297073256782e-03 -5.929807836898327161e-03 -1.498549344335252040e-02 1.341184349895577568e-02 1.410114312342906039e-02
1.126009267472492456e-02 -1.238203073782267669e-02 5.268680663439890242e-03 7.559630325098413810e-03 3.324794237522643754e-03 -1.132196732441350176e-02 1.806502070027052320e-02 1.693387623097310224e-02 -2.616606314670071043e-02 -1.446820588319522663e-02 6.703258954021098148e-04 -2.718494088159777340e-03 5.980250328386649793e-03 2.451192478074225300e-02 -1.767007562926843980e-02 -2.784764365678777873e-02
-5.285862876583503379e-03 1.168066607950408922e-03 -3.747062013596372948e-03 3.253923431892001041e-03 -4.971022081325302249e-04 4.330591976692070057e-03 -4.117885149122437437e-03 -2.278516250341286725e-03 4.504759679519214008e-03 3.401335702092280920e-04 8.393463290843449897e-04 -8.305356751095540647e-04 2.082752530938099689e-03 -4.663519849906943952e-03 -4.936042479467325945e-03 5.764436342289558195e-03
-2.316365263179172383e-03 6.296387575174924693e-03 4.434149716712586925e-03 -6.197634993742852372e-03 -1.461045246129057638e-02 2.422750705366384216e-03 -1.797302723901234370e-02 -2.016998176657683328e-02 1.926295119266812836e-02 1.030403971697503585e-02 -5.270564984836262172e-03 5.951577514088729481e-03 -1.076355834860025402e-02 -1.882196309462168954e-02 2.098155919286030444e-02 1.566776083927318500e-02
2.088488316727633159e-03 3.220864686353383348e-03 -9.968822211879467977e-04 4.250493937803521733e-04 -1.042646891140229688e-02 4.028091501456730335e-05 -1.276596424207763862e-02 -1.391121957326003390e-02 6.072075301935170137e-03 2.463166535392815725e-03 -5.363991379891613204e-03 4.782231677021683142e-03 -4.727607837088445425e-03 -6.613103511962751223e-03 9.566011306533749037e-03 5.054475696794509358e-03
-3.396080002837368033e-03 -5.554244828139857752e-03 -2.455169770573025195e-03 3.555872228514669713e-03 2.306603689312910696e-02 3.134690727741326274e-03 1.878688720404607729e-02 2.402048944243856746e-02 -1.459703166509239078e-02 -1.505890967222797520e-02 9.804196849195881414e-03 -1.001914713108180595e-02 1.029354588390498336e-02 1.842998207483520501e-02 -2.155912068546358279e-02 -1.794360198988763019e-02
4.063682151972607993e-03 -5.313141504813032046e-03 -6.752089243083116967e-04 1.976737353897830424e-03 5.089585357507329499e-04 -3.210071535941956718e-03 7.476559240570157354e-03 7.342461693410969048e-03 -1.344621078466357207e-02 -6.568255763494616761e-03 5.508103841117659334e-04 4.879637838821696818e-04 1.495044526904218667e-03 1.131452106934765708e-02 -1.374396641845403513e-02 -9.251450675113846375e-03
1.597977436432807853e-03 7.510898489209588431e-04 -4.185245958808861931e-03 5.969933280770418384e-03 4.207308949658470666e-03 -2.509788350892911833e-04 8.627617757688858455e-03 1.098559350426185632e-02 -1.053933712163594022e-02 -6.428002727963621175e-03 1.572557011179012828e-03 -7.407619185206701373e-03 6.225159952834541377e-03 7.042543715900306117e-03 -1.487270235927865003e-02 -6.809138138012292736e-03
7.287408172460416167e-03 1.719240000898297847e-03 7.335645548133465713e-03 -6.600335000572691777e-03 -1.168831747560642419e-02 -6.777383244253255314e-03 -7.695783481159130211e-03 -1.552669880679638514e-02 1.242134161724817686e-02 8.768983690381364215e-03 -2.492118822363984833e-03 8.796791087989312002e-03 -9.360564887869297218e-03 -7.251425723818210808e-03 2.381615757675700079e-02 7.286473145725528774e-03
7.922200100822463995e-03 -9.063289885834111340e-03 8.757987462964125867e-04 2.288139730226527915e-03 4.729750143444880553e-03 -5.340531733315427403e-03 1.212367285342571752e-02 1.368444728987926705e-02 -1.429834172807440372e-02 -8.121151409054705103e-03 6.931654126818451341e-03 -3.210975876689257241e-03 5.459425895101983374e-03 1.635344324988375828e-02 -1.070079114327587323e-02 -1.752817818552633578e-02
1.307695859328340121e-02 -2.115010048358116623e-03 4.309770463844957329e-03 -1.175208328194966471e-04 -1.651327659368384201e-02 -5.930341222324715493e-03 -6.275327148824159408e-03 -1.124949609725957311e-02 -3.333895247292848005e-03 1.948568305839538072e-03 -7.694719335296861494e-03 7.559049953173203537e-03 -4.482172323160090247e-03 4.932050014174513448e-03 6.299139640602907132e-03 -2.293203833006519834e-03
1.162419688892968317e-01 1.305631347222906968e-01 -4.692940465003218181e-02 -1.229392901649038611e-01 -6.249418914632155764e-02 6.766470518157129133e-02 1.599439437862074098e-01 3.028514822580552664e-03 -5.422504200623188414e-02 8.403199229792125691e-02 1.099537221569257955e-01 5.581015421010642602e-02 1.052206479276477646e-01 1.922808926328573725e-02 5.118524620726615237e-02 7.989057614813338537e-02
2.037870601699789258e-02 2.726872686474931390e-02 -6.256670126542702298e-03 -2.060599029957315212e-02 -1.443762709274697999e-02 1.917365871233365484e-03 2.123779762334809806e-02 2.449584747594792805e-03 -5.268564412092881406e-03 7.704004260473494743e-03 1.689492406974112820e-02 1.662684753323146608e-02 1.791913037954149732e-02 1.248323653563476743e-02 4.945533679217839311e-03 1.780085559026998998e-02
-1.420742630431721595e-02 -2.150533454532869634e-02 3.155214658436975884e-03 1.749311836514829549e-02 1.096617616543564717e-02 5.844258909546578423e-03 -1.634738000396920507e-02 1.691600925132720349e-03 8.735028510682083793e-04 -7.084132529856535312e-03 -1.160381681538131919e-02 -1.402682970664147211e-02 -1.269253691940379521e-02 -1.323727668146159990e-02 -1.649789718442608603e-03 -1.611746404016877604e-02
1.160481295631141940e-01 1.345459123313958449e-01 -4.665388359085725911e-02 -1.216558390196538636e-01 -6.566199061382593793e-02 5.110423948169667829e-02 1.426046874734701320e-01 2.739045046302747508e-03 -4.855745197576933486e-02 7.568085143743588650e-02 1.067119814889136709e-01 6.459975674877395380e-02 1.032915751825612544e-01 3.328737521573241209e-02 4.313742329931412323e-02 7.719050432720581112e-02
-8.483258652112319470e-03 -4.762752326606035057e-03 9.350010233135423038e-03 1.190210944477109942e-02 3.415714466879236477e-03 -1.944472446474039204e-02 -2.326272458812426308e-02 1.538613693955855977e-03 1.094360658383812350e-02 -1.667632392898876076e-02 -1.239497194467938795e-02 -9.050494632321145604e-04 -1.531440181149396063e-02 9.440475880838041650e-03 -1.087511516148469137e-02 -6.894437585317893767e-03
-2.914616337586313499e-02 -3.481598732704942883e-02 1.745215005064404759e-02 3.787879789642054074e-02 1.808549050955251397e-02 -2.651247048503467194e-02 -4.930862158040029419e-02 -1.972158412210165258e-04 1.462563794499859883e-02 -2.660194260507411229e-02 -3.393212786123060015e-02 -1.477420622206824380e-02 -3.114424984624611717e-02 -3.597486311539765339e-03 -1.515670512348676197e-02 -2.211576539221905488e-02
6.264081705791657226e-03 9.117983650362388587e-03 -1.547478596258487814e-03 -1.043320621232320111e-02 -4.651729124979357873e-03 5.575663336443646180e-03 9.859988204042220705e-03 1.037485739869220026e-03 -1.430169444095099468e-03 6.342811629505239884e-03 7.431786867708921329e-03 3.827440864138787098e-03 6.956764815155125521e-03 4.008926785080170745e-05 4.573064809036560784e-03 3.594176981229569960e-03
1.388325675097170642e-01 1.525581583409173214e-01 -6.037068711603518073e-02 -1.462881614674118314e-01 -7.657162802297991233e-02 8.792207137254523519e-02 1.907649361527975485e-01 -3.421984996406628957e-03 -7.020762723965180696e-02 1.037187424440124128e-01 1.330623078789646141e-01 6.374806996597220943e-02 1.315329930783317725e-01 1.787668275853925709e-02 6.170174381298441924e-02 9.270275689741419578e-02
7.195851338129907737e-02 8.253377090095423418e-02 -3.237773532853513436e-02 -7.850283036676238002e-02 -4.166011767571928953e-02 4.730750586010175340e-02 1.006114365738006167e-01 1.652524958911593409e-03 -3.643162687580510373e-02 5.674789337384968796e-02 7.278938315899199929e-02 3.808547653484813111e-02 6.918735607722210912e-02 1.196280277825758839e-02 3.089234450401170604e-02 4.643840685651771244e-02
8.680902127146442049e-02 9.772063277845167983e-02 -3.309556083200217158e-02 -9.226904833491401947e-02 -4.967185625292008105e-02 4.588487292736478235e-02 1.114215110053306118e-01 1.834677754084327369e-03 -4.015317827227808667e-02 5.971095326211574988e-02 8.338551791300553850e-02 4.559063841174854775e-02 7.646331869161049344e-02 1.827318309707726476e-02 3.399577744744063795e-02 6.029013636489530259e-02
6.364767924770391681e-03 7.647014862389007149e-03 -1.017958375818362338e-03 -8.515397661597196369e-03 -1.312679048694538175e-03 5.676353613730632588e-03 5.863420444625585745e-03 3.746657573752308276e-03 -4.054954662354472855e-03 2.304142020294633938e-03 4.886674858141178482e-03 1.391895452436861828e-03 3.143531089866165480e-03 2.278832492052034701e-03 4.043179870373351777e-04 6.913965762634022771e-04
3.146820766577909656e-02 2.750416223963909890e-02 -1.634203747902994788e-02 -3.547775433734515899e-02 -1.734167152657289587e-02 3.582975396556435654e-02 5.768990570625859987e-02 -4.377243752366828840e-04 -1.892832763596578177e-02 3.011411152050225831e-02 3.196993640927595082e-02 9.861954772948365935e-03 3.461278447091829802e-02 -7.653592395889229245e-03 1.752903927567860121e-02 2.053431794439594671e-02
3.344909417246490213e-02 3.417049221565741229e-02 -1.287740173303533742e-02 -3.218083242953070217e-02 -1.844274345651229427e-02 1.927445825674226065e-02 4.584266061249232110e-02 6.488935058169430139e-04 -1.861128266095419745e-02 2.238916310951799549e-02 3.089907568282088124e-02 1.192320163806607006e-02 3.020701035070346568e-02 4.158035253117321403e-03 1.622905459717435134e-02 2.155521828033696297e-02
2.291599461337300719e-02 2.876388665923588356e-02 -9.256096601043298580e-03 -2.446982341569533051e-02 -1.475884902723312297e-02 5.172323289195701612e-03 2.743411084594565147e-02 1.862755825715251608e-03 -9.599966122667486987e-03 1.261710010720770887e-02 1.846145407763933113e-02 1.177780414084308828e-02 1.698597631256514376e-02 7.869039159931848562e-03 6.596573289189745608e-03 1.611363335608527458e-02
-1.165389862327354323e-02 -8.046889916437271334e-03 5.881199455483621455e-03 8.109666163477618345e-03 1.094216115584872341e-02 -4.650520614847605989e-03 -1.051162789996881210e-02 7.247569026223002649e-04 5.624584300412511020e-03 -1.156202914612427385e-02 -9.238984178075818413e-03 -4.966218055403348250e-03 -1.190131532073761093e-02 -3.155266038264183809e-03 -5.257068279763106068e-03 -9.760279471178748972e-03
5.285292415023524690e-03 3.214636792479377576e-03 -4.534635720280040874e-03 -5.111144323083338485e-03 -2.246798213493819349e-03 1.476241288567962766e-02 1.610074093332648781e-02 2.428032172316660613e-03 -6.771731778553881538e-03 7.870976920069713140e-03 9.817376969938274717e-03 -3.064762214438545001e-03 7.800443825836585535e-03 -9.718232911073090494e-03 2.070872835492949208e-03 1.501410130466970675e-03
